730
731
727
733
732
735
729
11322
6899
5277
6578
733
731
730
9939
732
735
421
7290
1312
2812
7353
3248
79755
56922
727
64087
686
147138
729
212
55180
4308
55612
112744
345193
7389
60401
7456
7454
5277
3123
6578
3559
6249
9939
388662
11005
1312
2916
23765
3930
915
8626
1493
128178
6011
6010
3248
56922
2312
10758
10616
3848
147138
5158
79882
6595
60506
51360
1717
3575
5095
5096
919
8738
7535
917
916
51119
6303
64170
6821
9524
421
2767
100151683
124512
7780
846
79755
841
6774
51185
6772
1536
1535
23389
284058
23325
54888
2779
56776
93589
8036
440435
5238
84818
64581
3857
731
730
733
732
735
10913
653361
5788
7290
79644
7353
3077
6487
2898
6295
4688
4689
727
7991
9439
729
3868
79791
79092
2235
57010
11322
9187
83696
6899
1896
9759
5053
55072
3340
2812
89910
81704
57492
778
50943
8492
54862
3119
80153
11253
7189
64127
64087
686
3981
3248
6774
6578
2312
4688
4689
1536
1535
653361
7535
653361
1536
1535
4688
4689
