3420
55857
762
6121
24148
5506
24
4901
5148
3767
5145
7399
284119
5995
23568
5468
3643
6094
6010
84140
6017
6566
3033
10594
26160
10210
5158
23418
346007
5961
7439
1258
1259
583
4117
4692
64218
130557
7275
4751
1406
6833
3614
9128
9129
10555
55812
93587
129563
857
79947
5949
4351
388939
375298
9742
25794
7840
138050
84100
6295
26121
2353
92211
7401
79797
57709
7287
10002
3630
55975
9227
768206
145226
123016
50939
4000
6103
6102
6101
6100
2746
8842
10269
2645
6638
2979
10461
26580
157657
8481
23020
6833
3767
6566
2645
3033
2746
3643
4351
93587
3643
