116085
5631
56606
116085
79577
2658
5176
9368
353
760
5295
2969
79798
4952
9101
11136
5333
9031
79823
6928
5495
871
60681
55811
5076
5479
2200
2542
7498
3172
9380
4338
7421
5982
3251
26608
526
94
26276
525
540
153201
56606
4089
7471
64175
189
3081
54716
90993
1278
1175
776
142680
112817
6519
4337
3872
26873
2767
1277
649
9049
9581
1591
340024
1593
1497
2538
5340
3339
3756
10686
6476
846
6569
149461
1184
5631
50617
2006
2022
84168
3984
63894
7461
9569
10491
9380
112817
54716
26873
340024
189
55811
153201
9380
142680
112817
54716
26873
340024
189
55811
153201
4337
7498
4338
