374654
79633
55180
79848
22931
22930
4784
51305
79867
51114
7050
51574
6249
4983
6605
51185
8905
10743
4867
3763
8738
56623
6997
57459
283489
421
55650
9179
27077
4038
150468
5308
2314
54968
2068
2254
2253
2067
79882
6597
6598
4208
84976
1855
6664
80184
9786
79600
2073
2263
2260
200894
2074
4212
9524
65062
8200
3954
7021
285590
124512
23090
157680
9487
8289
84720
79583
10907
27315
23389
9968
7546
23325
54888
23322
9241
117581
56776
60529
2619
25782
2737
9037
6925
158326
11154
8492
93210
9401
1501
4089
65109
340533
7290
2812
147372
23431
10013
51524
6487
6888
4838
54806
128637
2898
10847
860
6611
388662
7991
10717
26123
81857
9439
26128
95681
2736
6496
79791
57545
2296
284098
11253
83696
6899
1312
57492
85440
4920
2132
10084
91147
3340
5727
9896
25836
324
89910
26053
7474
8928
65250
28514
54862
6469
51259
80153
7353
7469
7468
63901
51317
54903
50937
