374654
8626
57688
2969
22930
5982
79868
7592
9569
5063
5147
5144
57459
139411
4036
2317
64220
5915
6855
6597
4893
8239
11133
4204
170692
26608
6664
2664
64840
26123
7021
7020
285590
9487
23096
84720
5573
27315
9968
54888
9126
54880
25782
9031
6605
178
641339
116442
257
347344
93210
27086
6598
186
65109
7552
8289
55869
2182
8573
8260
11141
55650
6197
5792
7994
84061
1741
7403
9459
284098
5885
9759
57492
85440
3832
24140
1756
170302
65250
7102
11043
8243
3054
8085
4157
51259
3425
8481
25836
2006
84282
3984
7461
3981
