1788
1789
1301
1302
1303
8622
5744
5192
60681
5479
5825
5824
5828
545
2245
27125
56623
5144
7471
29123
1062
5176
2146
10801
2778
4893
2773
124583
1906
9719
55835
6901
3675
22995
5566
64175
2200
9841
145173
6678
84126
5573
8504
23384
649
23322
5332
9037
83879
129563
51025
55315
1501
9409
340533
64131
10733
3070
7840
1280
55151
5189
6452
1747
10491
5116
6492
57545
79798
9101
64324
10472
9759
4000
91147
3239
5190
5193
871
9895
1292
1293
1291
9427
90993
1278
121340
50940
1277
8799
9049
72
4157
5830
5195
5932
5194
55670
