26137
268
54101
269
374654
10297
131118
5825
5824
5826
5982
5828
1947
10585
8905
26012
84300
84623
1798
1062
3339
89884
6845
57728
6794
6299
6658
2316
2317
6655
6654
29940
10804
10806
5913
283120
6595
6597
6598
190
55835
79728
2263
2260
2261
1013
4214
8514
5000
80184
100151683
23545
8289
7704
1848
84126
4621
145873
79813
5573
1537
3090
4952
84892
54888
23322
54880
23483
55714
64220
1908
3293
8945
8195
84197
147372
29089
6611
10560
9742
145258
55784
5950
10847
5189
9184
55651
8831
157570
29968
132884
6899
990
91147
65057
57539
617
8799
54101
11041
8242
8243
8241
2121
1281
1282
1289
514
26227
8642
8643
2535
2710
54453
2719
2657
105259599
9361
22931
22930
23594
5073
7381
7385
9839
1836
9126
2036
5626
10664
4983
9569
4867
5308
10522
84634
55624
1954
51684
6716
9702
2332
7473
7474
7317
7259
6657
54928
3845
9037
2902
259232
2904
701
1482
7136
1717
6662
6663
6664
51750
64840
11285
3664
585
582
583
1131
1134
23169
4629
4920
89891
7140
29925
10908
63901
284058
153241
627
8504
57560
152330
9533
81839
219844
6928
6925
4254
6926
129563
79583
4534
7490
790955
341640
182
26137
1501
652
9409
2626
2627
7353
5894
1910
54968
867
254065
7403
55209
134701
8312
4763
23426
5449
51715
5195
5194
3239
5190
5193
5192
9896
3975
51082
65250
22995
3984
72
71
392255
6866
2239
166379
78989
5447
5932
1760
1146
1144
79633
8626
57688
2189
699
80144
389549
26277
546
547
545
2245
64093
1312
729920
10058
23767
5147
5144
2706
23432
2702
10682
10683
81620
11020
9573
2146
2798
128674
412
92482
498
10752
1387
2796
2067
285489
79867
126792
10436
51360
4281
9915
22858
148789
367
7531
1749
10978
64756
157680
23414
55112
145173
137814
338917
9394
10984
51185
1723
55636
7020
27077
9401
9968
51741
5116
2296
8216
60
25782
10225
79659
2200
2563
80776
79068
60529
129880
7290
7291
23522
23133
197131
1646
7480
9860
8260
128637
91647
84100
55120
26123
26040
2516
1109
2736
2737
4089
57096
64327
64324
10369
5885
5889
641
123016
5727
22954
4593
675
170302
10484
7476
10265
55212
55215
6638
4519
201595
6736
54585
8085
5832
5830
5831
51259
1605
55777
55670
3981
54903
54902
55505
2969
10082
55690
3040
6870
79147
1778
54756
286
3481
55717
57697
673
29123
269
268
3643
150468
3640
59
3039
6016
83700
26160
2253
144568
8036
5015
10329
80199
10733
10046
5605
5604
6905
7979
4204
79809
1859
90624
5922
55135
26608
1855
79738
2176
2177
2175
421
2072
2178
2074
9723
3814
3815
3955
3954
54551
84295
3265
8450
51057
5080
9791
23384
79848
84667
117581
9031
6605
7015
7012
27241
1736
8822
4893
8820
5781
9215
27125
27089
2812
63976
64132
29954
60495
55869
2187
4604
2188
7169
5424
2218
1028
5422
84464
140628
6497
1161
57545
79650
5648
6949
5915
92579
3730
57492
4693
4692
80169
25836
29072
81848
81704
50945
113189
246329
60675
5048
10370
10371
6468
6469
83990
8481
7469
7468
2006
4990
63895
7461
4854
4853
4998
64132
3640
