374654
1301
84623
9839
9289
5824
347733
5828
5980
1778
5373
547
401
2911
10522
10058
5147
5144
50964
4038
6297
2902
146167
55084
3149
8322
1859
10978
57572
57514
421
1013
9152
80184
65062
23090
23418
3211
6638
113179
5080
26229
220202
23129
8504
54551
10381
6925
2200
285203
27245
79583
2904
3516
9640
84342
9409
340533
7290
2812
84570
2629
54567
7353
10243
51524
2895
5189
84942
26123
8831
57545
5119
10369
6899
1312
4693
4692
5195
5194
5190
5193
5192
2741
2036
2743
10484
81704
65250
55605
8799
6469
1804
5830
51259
8481
55777
55670
4851
146167
84342
1804
