2013
2717
50485
4572
7225
4575
4578
5076
5580
5373
4868
114548
84153
4867
2013
2243
718
11277
4567
4564
5265
6023
11020
4643
79738
129880
4574
26160
54585
10535
9096
396
4558
582
8526
3675
3575
51196
79621
54443
92482
585
64421
583
64423
80184
2934
4210
286204
4541
4540
100
10806
51057
843
55636
335
29940
103
27241
4538
8195
4535
7490
4069
57107
2625
166379
64135
84823
3075
5896
5897
84100
79934
84942
27235
3561
9342
123016
4512
950
51004
4514
22954
5800
3913
55212
113189
26503
7827
1285
1287
1286
2335
4010
356
355
25939
4513
3981
54903
4868
