2719
79848
2138
22954
5076
8504
79867
5824
5828
699
80144
4868
1376
4867
1312
56623
261734
27077
9702
57728
11020
79738
129880
10806
5885
9096
701
9657
51360
1717
1855
7249
7248
421
64840
585
582
583
80184
1131
92482
7020
145173
10225
26160
51057
26146
79583
7428
23322
9126
6928
4629
2812
27241
8195
80776
341640
9409
7290
23522
2625
55869
7353
3172
147912
6299
84100
27031
5189
27130
157570
6495
2737
55670
57545
139285
57096
9184
6628
6899
23426
9759
123016
5195
91147
3239
5190
5193
5192
3975
7473
7474
22897
55212
8799
4920
72
8243
54585
2239
166379
5830
51259
8481
25836
5194
63895
54903
