79633
54880
124583
5744
126792
9321
8642
6926
4000
3239
9896
2263
64840
11285
10269
64131
8260
2316
860
3425
50814
4488
538
57728
79809
6497
5000
79659
57560
4750
990
91179
2200
9939
55112
57539
9742
23169
23594
26160
89891
81620
4998
153241
64840
4000
10269
8815
3248
1146
1301
1302
6578
3930
6905
5116
100151683
6913
26040
55315
4041
64840
79633
54880
124583
5744
126792
6926
8642
9321
4000
3239
1947
9896
2263
64840
11285
7476
10269
64131
8260
2316
860
3425
50814
4488
538
374654
1146
1301
1302
79633
23594
5745
60681
5075
55112
1836
6578
1947
9939
4982
990
3930
50964
6913
4038
81620
57728
3248
2316
23169
5744
26160
50814
89891
538
6597
6598
124583
55733
6905
126792
79809
9321
4041
6664
2263
2260
64840
11285
5000
100151683
285590
9487
8289
4750
4488
8815
2261
63901
153241
57560
54880
5116
6605
6926
2200
55315
64131
9742
8260
10847
860
2697
26040
1513
6497
2737
79659
139285
59341
57492
4000
3239
9791
2138
9896
57167
7476
57539
10269
91179
3425
84168
8642
4998
2316
4000
10269
1947
7476
5116
139285
3239
5744
860
9896
5116
1301
1302
4000
10269
6905
50964
9791
285590
4038
9321
7476
538
