1387
324
1278
4312
3914
1281
667
3691
3861
1289
3909
3918
11285
3852
126792
3655
1290
1277
91252
1294
55857
667
55612
84627
23592
7389
6121
6101
3655
1259
24
4901
6094
762
3852
7390
5148
2706
7399
5995
7046
23568
2072
7048
6010
84140
6017
11107
1406
1258
10594
10804
346007
1387
2067
5158
126792
51360
5145
5961
11285
7439
6303
2074
583
4117
7020
3918
23418
388939
130557
7148
7275
4751
23385
4952
538
3614
9128
9129
10210
5339
55812
3691
79947
5949
64218
2623
375298
9509
26160
9742
3077
25794
138050
84100
6295
91252
26121
92211
7401
79797
3420
7287
1161
10002
3861
3909
55975
9227
768206
145226
1893
123016
5351
50939
6103
6102
24148
6100
324
8842
1294
1278
4312
3914
10269
1290
2979
1277
10461
1281
157657
57709
1289
8481
23020
91252
1290
1281
1289
1277
10804
5339
51360
2706
6303
