668
2651
6913
22931
22930
9734
1545
79867
10585
545
10743
286
10058
729920
2700
2703
55624
1954
7042
10682
3339
5308
6657
2314
1062
9573
1419
1410
1411
1412
1413
1414
1415
2067
5015
10329
10733
55835
3149
8322
22995
4284
148789
11041
170692
1409
6309
7431
2072
7439
2074
9150
80184
79147
145173
338917
51057
84126
5080
220202
7020
27077
9401
646960
63901
84892
23322
9126
406960
54880
29940
55714
60
25782
64220
3299
3166
1421
1420
92344
79583
80776
84197
182
30062
652
2248
8085
8772
29954
10586
55869
54903
2187
8260
220
5950
128637
2218
81857
2697
26040
7403
4010
1161
5831
57545
2296
57096
5885
7837
51715
5351
4810
91147
79848
57167
89910
7473
387700
4094
50945
113189
4693
71
392255
8243
9215
6469
1282
51259
1605
25836
5932
4990
5116
55750
3982
