1906
5332
2773
3420
90121
1146
1302
55857
762
79633
10297
84627
6102
246213
6121
24148
7227
4784
1259
4222
5075
24
4149
9126
4901
161582
80144
9128
54919
4117
10743
8626
51082
8481
5148
6010
5147
2707
5145
7399
10194
9132
50964
5995
1954
6154
23568
2263
157657
6094
4041
407053
7469
79977
2261
84140
6017
6392
2317
4640
4641
4646
4647
57709
9573
2316
8701
1258
10594
10804
26160
2254
6390
10210
5158
6391
5396
57465
55636
2773
79784
11107
23418
7979
345895
6389
9723
93233
3476
346007
51364
1855
55130
64446
6309
55036
83544
2070
2077
7439
81624
1749
2200
8514
583
8200
3954
6674
7020
117531
27019
6125
4627
145173
352909
2255
64218
130557
2271
7275
54949
4751
1723
1406
56616
10907
2979
9414
23384
1428
92749
6628
54768
56683
3614
64840
10309
9241
9129
9533
79797
152137
5332
1909
1906
5979
6165
257
55812
5015
5238
8945
9487
2563
79947
9401
341640
5949
6204
26137
6201
6101
123872
8643
5456
8642
2622
2623
375298
63976
5961
56172
6138
55869
83861
7480
9742
145258
25794
90
7007
138050
388389
221421
10847
84100
6295
1729
64324
3371
388939
26123
55654
26121
2697
84189
92211
7401
7403
6218
6495
6497
9343
7287
5885
10002
7291
9455
139285
51684
147912
5648
6949
23639
339829
55975
9227
768206
23426
388551
145226
9759
5459
51715
123016
374654
2131
22953
26191
6103
5727
2138
6100
6223
7468
57167
1690
29072
55172
8842
6229
7474
6135
10262
2706
65250
50945
147372
23020
56975
71
10461
392255
8243
8792
89765
2314
6468
8085
115948
1280
85478
4853
78989
51259
5447
7466
50939
9885
25836
1687
6235
6234
4854
6231
1767
3199
51314
6495
147912
56975
1280
1302
2317
56172
3199
2138
9723
9573
392255
55636
2261
2697
2263
2255
64840
4222
5075
9241
2254
8200
