387733
5176
9368
79633
2969
112744
8622
8985
5745
7227
5358
10516
55699
5982
6578
5373
389549
54756
50485
9569
9935
9060
7390
121340
23767
4882
84634
673
2260
3248
6569
10758
2798
203859
5696
2253
51604
84701
5159
4893
4323
5605
5604
9719
126792
8322
4041
9382
60681
5566
26608
3479
2099
26012
128674
64175
5479
11285
55033
64170
3814
3265
285590
6678
23545
54941
1848
6774
2796
284119
5573
6772
26229
55636
649
9419
23554
3758
5034
55717
79797
5660
3295
9871
2200
2201
84818
64581
92344
55315
8822
3845
8820
55151
2623
9509
64132
9394
6870
5832
91252
2778
10491
6497
4247
8443
551
79798
3730
4693
4692
5352
80169
1962
871
9031
7471
81848
10484
23765
1278
4313
10265
50940
1277
6638
4507
6557
60675
118429
6866
26503
10371
4668
5831
4853
79158
2006
90993
6663
3984
7461
8642
