374654
5176
79633
84623
2657
79848
23363
3040
871
10516
8504
150094
79867
5824
2036
5982
5828
1778
6326
9939
547
9569
23236
10743
3762
10522
284111
2969
2702
9820
4036
27077
10683
150468
25977
2261
6792
3039
2314
2146
6535
3845
2255
2902
5426
2904
4893
29940
9091
6709
3984
4208
79751
4204
1859
4041
60681
22854
26608
4125
2263
64175
5479
9469
11284
1013
80184
3745
3955
23414
7021
5277
285590
6938
25970
51057
8799
145873
79813
348980
9791
649
9401
7545
83550
284058
3759
84667
23322
2290
60529
9031
6925
79583
80776
182
26137
5604
84282
9409
137814
2626
2627
147372
64135
2775
4774
8573
5832
6487
1280
5605
1482
5189
3785
83987
28952
140628
8831
10491
2737
134701
7291
57545
6812
5290
57096
5648
64324
10369
2245
6899
5728
2132
5195
91147
5190
5193
5192
5925
9897
1759
7471
170302
81704
1278
55777
113189
1277
23586
9049
72
673
10370
51256
4157
5830
5831
4853
78989
51259
51741
6334
25836
2006
90993
84168
5194
55670
7461
51317
54903
