54453
79633
7227
5825
5824
5828
55764
545
2245
64093
1798
23600
23483
150468
57728
29123
7531
6567
1062
54928
1387
1663
7317
6605
6597
6598
124583
55835
126792
9496
7136
22995
6664
57514
2263
2261
11285
51594
57572
8200
3954
4621
7020
100151683
145173
6938
157680
8289
2254
84126
79813
7140
3090
5972
9968
10908
9469
8504
9126
9241
727857
60529
9037
10225
6925
129563
285203
1636
3516
183
1501
652
185
9409
658
7291
23522
64131
147372
10733
197131
4604
7169
5184
5189
5818
6197
26040
157570
5116
55670
2623
5885
92579
9759
57492
4920
2132
2131
5195
5194
5190
5193
5192
9896
25836
6909
3977
89910
7476
57539
112752
54567
8799
5048
8243
8241
55869
5830
7545
8481
7469
7468
5932
4990
63895
51317
4851
147372
79633
54928
9469
23483
