5176
10297
2969
1962
3040
5192
60681
5479
9839
5825
5824
5982
5828
699
9939
9897
545
9569
8626
3930
673
9702
64175
29123
3039
6016
7737
6655
1062
2068
54928
3845
2255
51604
538
144568
6654
4893
136647
701
5605
5604
4208
55835
8443
3476
4041
6786
6662
26608
1855
51114
28952
2263
2071
2261
2077
2200
3954
285590
2260
6938
23314
25974
54539
3090
10491
649
9419
9968
7545
284058
1349
54888
8504
5116
60529
8216
60
9031
6928
3295
129563
7531
652
5781
2110
9409
404672
7291
23522
2626
1376
10733
65109
5894
84126
5830
5189
9184
2109
2108
2697
26040
1513
2690
6497
2737
10000
55670
5296
5290
59341
64324
6899
23334
2132
5195
5194
5190
5193
871
7468
3975
5922
29072
7471
170302
7474
5932
1278
1174
894
84168
4094
22995
1277
8799
6905
5048
3052
440138
7469
79158
2006
90993
4990
3984
7461
51317
3981
