10295
84623
2969
4572
4574
4575
4578
150094
5982
5626
5980
79868
7592
6326
4983
546
547
9569
10743
1312
5063
284111
5144
100144748
139411
4567
4564
29123
2260
6792
6658
6657
6390
6391
6392
6535
128674
412
1387
9037
6855
2902
5015
2904
8239
8514
2776
6925
4208
4558
4204
1859
4128
1717
22854
26608
7249
7248
51114
2664
421
89884
2261
11284
1013
1139
9723
4212
3745
55217
5053
4541
4540
6938
9487
23314
23096
79751
4810
25977
79813
348980
5573
55636
9968
7545
2775
23129
9126
2290
2736
1778
9031
6928
641339
116442
7915
4538
347344
4535
2563
8820
26137
1501
186
4089
65109
7552
7290
7291
2812
63976
2628
2332
9091
55869
2182
7353
8573
7840
11141
54808
2892
6197
85358
84061
8831
1741
6497
9459
6492
158
6812
25970
5290
10369
5885
6899
10479
9759
10522
5728
4692
24140
4512
4513
57502
4514
2036
3975
1759
26053
170302
81704
1756
207
4693
6638
7102
11043
8242
8243
3054
1806
5449
4668
3785
51741
6334
25836
2006
55777
3984
7461
7466
