1462
4693
220202
8322
23347
100288687
2483
3490
84892
1301
55857
762
2651
84627
6102
6121
6101
10413
5076
24
79147
4901
2483
6094
26277
2200
10585
54507
10743
6247
5148
5146
729920
5145
100144748
2700
2703
55624
5995
2780
23568
4036
8842
6010
84140
6017
6657
2314
6391
11107
1406
9573
6392
1258
10594
1412
1259
1414
85378
55750
5158
5015
10329
2776
9997
8322
51360
346007
4284
148789
91851
7431
5961
7439
6303
157657
8517
583
54714
100288687
7399
4117
23418
388939
130557
338917
4810
4043
7275
4751
5080
9723
1415
55636
29925
646960
7428
23554
3614
3617
9128
9129
3490
54880
29940
10210
55812
1421
1420
79947
5949
84197
30062
64218
9215
375298
26160
64132
29954
9742
25794
8260
220
138050
84100
6295
2218
726
26121
92211
1462
7401
79797
3420
7287
10002
1289
5290
23347
55975
9227
768206
145226
4693
123016
3832
5351
50939
26191
875
6103
220202
24148
6100
1298
1299
1290
1297
27229
6390
207
4094
113189
5728
55214
1277
2978
2979
11041
10461
4041
1280
1282
57709
1605
8481
4990
23020
80781
3982
1280
23554
79797
4041
4693
8322
1462
