1146
1144
1962
3043
8546
7385
5277
5825
5824
5828
699
7592
26276
546
84300
10743
286
387281
1312
5063
675
57697
283489
1954
139411
6911
2263
29123
9702
55906
4519
171023
7319
2314
26005
10752
50814
10801
5913
6855
8239
701
6925
4208
4204
7381
90624
79728
1855
2664
84464
2176
2177
2175
421
2072
2178
7531
8514
1134
7020
145173
9487
23545
23096
84720
6638
55120
79813
51185
1537
3090
27315
4952
9968
7546
284058
79868
8504
152330
60529
54499
5116
10225
641339
3295
116442
2200
27245
93210
2563
790955
182
186
65109
7552
9409
27089
7290
2623
2812
63976
2182
7353
2187
347344
2189
2188
4683
29920
11141
5189
9719
55650
6197
2697
84061
1741
55209
6497
9343
9459
284098
9451
9184
6567
6899
5889
4613
9759
57492
51715
4920
3832
24140
10084
5194
10087
5191
5190
5193
5192
9896
83990
89910
1756
170302
7474
1174
4094
617
55215
8799
7102
4692
11043
5048
8242
1717
3054
1804
5830
29089
3981
5195
25836
63901
55670
63894
51109
79228
54902
