147912
6495
2138
1146
5176
60681
4222
5479
1947
545
3762
121340
3481
675
57697
29940
5518
2263
2260
64840
29123
5594
2316
1062
9573
3845
2254
10801
9037
2778
283120
4893
10733
55835
9990
22995
6785
79728
2176
2177
1399
113189
2072
2178
5075
2077
51594
9723
8200
3954
3265
4626
6938
1277
6678
23314
84126
55120
79813
2175
55636
2261
7545
3759
54888
9241
60529
6928
1909
1501
652
23545
55151
7291
113246
29089
6611
2187
2189
2188
6299
84464
83479
10984
10491
6495
5116
5290
147912
4763
5889
4613
2138
3975
57167
83990
7471
1278
4094
613
55215
392255
8481
7469
7468
5932
63895
3981
7469
7468
4094
3954
