1789
64840
26608
1146
1301
1144
374654
79633
8626
2719
2969
6468
5727
22931
22930
6654
23594
5745
7227
9775
3040
22954
9702
8504
9839
1836
5824
4000
51114
5982
5828
699
80144
161742
26276
9939
10585
51185
2245
10743
4867
3835
1312
729920
5147
79600
64324
673
421
63895
4036
27077
10683
3339
3643
81620
1302
3039
171023
2261
29123
11020
6016
7531
4893
54968
51
79848
2068
2146
54928
29940
5915
10806
6655
5913
2067
144568
2218
5396
6597
10329
124583
256297
5605
3984
6905
5000
7979
5495
6909
9723
6519
51360
1717
9382
148789
6662
1718
1855
6664
5314
80184
79738
10752
9786
113189
2073
2263
2260
200894
2077
2074
8516
2200
1139
585
582
583
4212
64220
65062
1501
3955
1134
4621
9841
79147
100151683
23090
10225
3954
26160
23314
8289
51057
145873
7372
79583
1723
55636
7020
23384
4952
3265
9968
10908
63901
84892
84667
54888
23322
9126
152330
7468
54880
60529
54499
8216
25782
219844
2737
79823
9037
56623
145173
83879
5979
5015
129563
27241
8945
8195
5116
2563
6492
80776
341640
84197
3845
9401
1749
5781
65109
129880
9409
23483
7290
7291
23522
2255
2812
63976
113246
64131
2629
147372
166379
4920
701
55869
7353
92482
5894
7480
9569
10013
55624
8260
26281
54806
128637
79867
10847
84100
5189
10082
1028
4593
28952
26123
4598
26040
95681
6497
9343
134701
55670
2733
57545
139285
57096
59341
4763
8036
6605
5885
6899
23426
8514
990
57492
5728
123016
2131
5195
91147
3239
5190
5193
5192
5925
9896
9897
9496
5922
64132
9031
6598
6023
7474
29954
7476
10262
65250
207
55212
10269
285489
3476
8799
56975
72
11041
5048
8243
8241
54585
8092
9184
9215
2239
3070
5604
1281
1280
5830
1282
1289
51259
1605
8481
7469
25836
2006
4998
84168
5194
51524
63894
7461
4854
4853
3981
54903
9581
