54941
3592
1281
3595
3586
3117
3119
3106
2706
149233
3930
64127
720
6775
10804
7148
7099
4842
4210
54941
3592
1281
3595
3586
3117
3119
3106
2706
149233
3930
64127
326
720
6775
10804
7148
7099
4842
4210
987
3592
55505
3595
2303
114548
8626
5295
79650
8742
6775
3321
6929
7148
5073
64127
1736
7012
4210
56262
51360
974
973
5580
695
7015
3106
80169
7099
26277
51750
326
2263
931
930
2077
29760
6303
2074
2623
4312
7390
3586
23495
65057
29851
2706
975
3930
5896
5897
5429
4790
4791
54941
1281
1643
3119
3543
3117
1380
55651
54809
3507
2068
149233
2000
7507
5696
1294
720
4842
10804
5340
686
7508
55135
115650
