374654
90121
6391
1146
1301
1302
54453
5979
10297
2719
79848
5015
22930
6654
55690
627
11253
10516
5077
23322
9839
79867
2036
51524
699
1778
6249
2248
547
545
2245
64093
1947
388662
6497
163786
9786
3832
56623
27077
145258
4853
64324
673
100144748
5518
7046
6154
9662
7043
7042
10682
4038
9702
7048
3039
80254
79827
2261
59
11020
6016
6392
6390
1062
2146
81031
79738
29940
92482
10806
1387
9179
6655
538
2902
144568
79882
5396
2904
4893
701
55180
55777
9652
25885
5528
55835
11133
3040
7136
1859
3476
23394
1717
84879
84282
1718
1855
6664
429
80184
28952
6309
5592
8738
79600
421
2263
2260
200894
7531
2668
4920
259266
1139
585
582
583
11154
9524
65062
3954
4621
7021
100151683
285590
6125
124512
23090
56776
444
7468
26160
23314
8289
284403
84126
7372
4297
79583
7140
1723
9723
26229
55636
8813
5781
23389
3265
79791
9968
23141
29920
23325
54888
84623
9126
23461
8514
117581
5034
2290
9533
60529
54499
8216
60
25782
6605
2737
6928
1908
4629
6925
6491
4638
6165
10743
9871
2200
27241
27245
8195
2563
6597
1013
9401
6204
3845
26137
1501
652
6201
650
57545
9184
129880
4598
26235
7290
2623
9509
23334
2255
2812
63976
113246
4036
79648
6138
30008
10733
55869
2182
7353
51057
5894
57082
1911
8260
6487
1917
27086
6595
5605
54806
7169
1021
2898
5604
84100
18
6949
867
4867
5818
7991
6197
91252
81857
9439
2697
26040
9949
8831
157570
26128
6218
95681
9342
9343
2316
4088
4247
324
6499
5290
8076
5648
4763
23522
10369
5885
83696
6899
157680
10717
23630
10522
57492
5728
123016
2132
2239
55755
91147
3340
5727
22954
6223
9897
3975
51082
5922
29072
161742
51185
6598
6229
7474
81704
8929
23384
10262
65250
207
4094
55212
113189
22995
246329
23545
56975
8492
71
5048
8243
54585
54862
166379
1312
5831
51317
78989
51259
80153
23431
6135
8481
7469
10771
9037
5932
4990
6235
6234
5116
4854
6231
54903
25836
