55857
762
2652
9364
6102
6121
6101
6100
24
4901
4867
5148
5149
5146
3769
5145
7399
5995
22926
23568
343035
54714
6094
6010
84140
11020
6017
1406
79738
10594
129880
10806
1259
10210
5158
9094
9657
346007
22999
80184
5961
7439
1258
282809
585
582
583
8754
4117
1261
23093
23418
388939
130557
51057
7275
4751
83394
167691
3614
9128
9129
93589
3000
55812
5130
27241
8195
54585
79947
5949
64218
128338
375298
26160
10560
9742
25794
7840
138050
5956
84100
6295
26121
92211
7401
79797
3420
7287
10002
57096
55975
768206
9227
84839
145226
123016
50939
6103
64802
24148
22954
8842
23746
55212
778
2978
2979
10461
392255
26504
2780
166379
157657
57709
8481
1001
23020
92482
54903
