374654
1146
5176
1302
79633
2719
2969
1855
23363
22930
6654
83932
4784
60681
6870
9839
347733
5982
6578
1947
7048
389549
57190
401
2245
2010
5592
55717
121340
23767
10516
100144748
84634
673
5518
7046
6910
9820
7043
7042
3339
2260
57728
3248
59
58
6655
6016
6392
2317
6390
6391
9200
2316
81031
54928
128674
2254
2253
51604
538
1278
144568
8036
4893
124583
81848
5605
5604
9719
3679
126792
4204
3476
4286
6662
6663
26608
2798
55605
26012
3845
64175
2261
11285
4921
3814
6567
51114
1131
8200
157680
23483
285590
5479
4629
10225
6678
23545
3508
9394
2273
2796
1723
55636
23384
649
9968
284058
8050
54888
9126
6591
9241
5034
54880
29940
8216
4633
25782
9031
10381
145173
3295
4638
9871
2200
8820
8822
4088
26137
5781
65109
55151
23522
55764
84570
64131
147372
2332
30008
55869
6611
1848
5894
9569
1281
8076
8260
7169
2218
867
84466
83987
6197
26123
10491
6497
3636
4247
139285
54756
5290
5979
4763
1387
7170
5885
10479
3730
51715
56975
10084
875
5727
1962
871
5922
3480
7471
1290
7474
57539
10265
207
112752
113189
5728
1277
63895
4920
60675
8242
8243
6866
10371
2239
91179
5832
1280
1954
3423
4010
1289
3549
25836
2006
90993
3984
7461
4854
8642
3981
144568
23522
6016
4893
6655
6654
673
5605
4763
3845
5781
5922
5894
8216
