3759
57492
3762
4920
6597
6598
860
56172
6664
6605
54757
2697
1513
8289
1161
860
1909
2263
2072
2255
2261
2074
1513
2067
5176
79633
8626
9361
23363
5744
7227
60681
5479
9839
3090
2248
54757
2245
3762
121340
54880
5144
2706
7040
2263
2261
2316
54
57231
10804
2255
2067
5159
23461
8517
120227
8600
1855
6664
526
4487
2072
64840
7531
2074
6821
9723
8200
285590
11128
6678
23545
8289
6774
79813
5573
55636
10491
7421
4952
10908
3759
2778
3590
54888
9126
117581
5034
9533
9247
3756
6605
60401
1909
9871
6597
9401
6598
55315
147372
55151
4323
23522
8772
10312
56172
197131
1594
9469
8260
1186
860
3423
83987
6197
91252
2697
1747
1513
2690
132884
1161
29887
139285
5295
5885
1896
57492
4920
4000
3239
5727
25836
324
55703
7471
10484
7474
1278
4313
10269
1277
5048
8243
2121
55869
7068
7067
284252
84168
3981
9820
