9657
7287
343035
23746
80184
3769
64802
1406
57096
392255
6121
55812
9742
9227
3614
145226
23418
167691
3000
54209
25978
2896
4137
5663
7415
203228
23435
84623
6121
150094
2521
10891
6647
2664
6326
547
283
29978
10522
5063
54209
3769
673
283489
139411
343035
3785
203228
6792
5594
8878
2314
4137
6311
3845
1387
2066
3000
6855
2902
2904
8239
9091
6709
641339
4208
11133
9657
4204
1859
22854
9782
1399
11284
1013
8514
10133
80184
80185
3745
3954
5277
23418
23096
79751
25977
25978
79813
348980
1406
57502
29110
4952
9968
112476
167691
5625
3614
2290
7592
5663
6535
9037
6925
5605
116442
55812
347344
1639
2563
4744
27086
1501
186
23394
7415
65109
7552
63976
2775
3178
51741
9742
8573
6487
23236
57096
11141
10743
2896
6197
85358
84061
8831
1741
6497
1778
7287
9459
4247
6812
5216
6899
10369
9227
10577
145226
9759
4693
24140
10087
64802
1610
2036
9896
25836
1759
1756
170302
81704
23746
613
7102
11043
392255
3054
9217
79868
5604
2182
400916
5630
5446
5445
5444
6334
7469
7468
55777
284111
23025
6792
22854
2290
673
5605
5604
3845
85358
4204
