387733
5176
23363
23592
23594
7227
5192
10516
5479
5824
8091
5828
699
161742
10743
9935
3762
990
121340
3481
673
9820
9702
81620
29123
6016
6655
259232
3845
10752
144568
6654
83932
4893
701
25886
7136
60681
64175
5000
4621
6678
51185
7140
649
57211
3759
3758
8504
152330
5034
283120
8216
9871
80067
182
5781
9409
55151
23522
2629
5894
55784
6888
6595
7169
10847
5189
256297
867
5818
83987
10491
55670
5295
9184
4613
57492
6557
5352
5195
5194
5190
5193
871
4591
5922
7471
4598
170302
1278
1277
8799
5832
5830
5831
10084
2006
90993
63895
4853
4998
