79728
55120
675
57697
2189
2175
55215
29089
84464
2176
2177
83990
2072
2187
5889
2188
2178
90121
55857
762
6102
6125
3048
6121
6101
3040
3043
3047
24
79147
146059
4901
10585
10661
51067
387281
5148
729920
57697
7399
55624
5995
6154
23568
343035
5961
6094
6010
84140
3039
6017
1406
1186
10594
80324
26160
1259
10210
64218
5158
3769
10329
8600
84529
9657
346007
148789
1719
79728
9780
2176
2177
2175
2072
2178
7439
1258
157657
583
80184
4117
23418
388939
130557
25974
7275
55120
4751
29925
167691
84892
3614
9128
9129
3000
6165
55812
84197
27249
79947
5949
6204
6201
2623
375298
2624
29954
29089
2187
9742
25794
23230
2189
2188
138050
84100
6295
2218
84464
26121
92211
7401
6218
79797
3420
7287
10002
29887
113235
57096
55975
9227
768206
5889
4615
123016
50939
145226
6103
64802
24148
6100
6223
83990
675
8842
6229
10312
5145
23746
55215
23020
2979
2271
11041
10461
392255
9215
3783
6138
1282
57709
1605
6135
8481
6235
6234
6231
