374654
55857
762
6102
10518
6121
1962
6100
24
79147
4901
10585
4867
5148
729920
5145
7399
55624
5995
28982
23568
343035
261734
6094
57728
6010
84140
6017
4647
1406
10594
10806
1259
6295
10210
5158
3769
10329
9657
346007
148789
5961
7439
1258
157657
583
80184
65062
124590
65217
4117
23090
23418
388939
130557
26146
7275
4751
29925
167691
84892
3614
9128
9129
3000
3295
55812
79583
79947
5949
84197
64218
6101
375298
26160
29954
9742
25794
51524
138050
84100
27031
2218
26123
26121
92211
7401
51259
79797
57709
7287
10002
57545
1201
1200
57096
55975
9227
768206
145226
27130
123016
50939
6103
64802
24148
10083
5147
8842
22897
65250
23746
2979
11041
10461
392255
5538
9215
1282
3420
1605
8481
23020
64072
