55180
153241
7227
8546
55112
57560
347733
79868
7592
5373
6249
4983
546
547
401
388662
5308
3762
10522
5063
3480
2296
139411
83696
1499
57728
5594
10484
259232
84623
26160
2254
89891
6855
2902
79882
2904
6598
8239
1399
641339
9719
4204
79809
1859
4281
10978
84282
1855
6664
51114
2664
8738
113189
7531
1013
9524
9439
8200
100151683
124512
145173
9487
8289
84720
4297
51185
3090
27315
23384
23389
57211
9968
8818
3759
23325
54888
9126
9241
56776
29940
1778
60
22827
6605
10381
178
6925
116442
10020
9459
2200
347344
8492
93210
6597
186
23394
4089
65109
7552
23096
84570
55869
2182
4774
55788
9742
6487
2898
11141
2036
7991
6197
7994
84188
26040
84061
8831
1741
471
55209
79791
79659
158
284098
10369
5885
10472
57492
4920
3832
24140
10084
3340
55650
5925
51660
51651
89910
1756
170302
7474
81704
4094
55605
613
6638
7102
4692
11043
71
5048
8242
8243
3054
54862
5591
80153
11253
8481
10771
55777
25836
