374654
10060
8425
1146
5176
1144
23325
8573
2969
84667
1855
8985
23594
5745
7227
3040
8546
60681
3651
1301
55112
1836
1302
4593
5982
699
63976
6249
2248
2245
51067
388662
6329
3764
990
4338
3767
4337
5144
81620
673
51660
27445
9820
10683
3339
55906
2260
5591
23363
29123
3039
7474
7317
259232
2068
2146
81031
57231
29940
80324
10752
89891
51604
5913
2067
5160
79882
285489
57465
4893
124583
9652
5604
6905
23261
26608
7136
1717
84282
3815
100506658
7991
6309
8738
2073
2263
64175
5479
9469
51594
55180
2074
23529
8514
5000
4212
9524
3955
1134
4621
63895
100151683
124512
145173
6678
23314
92935
9702
145873
4297
51185
7140
54539
23384
649
79791
538
9968
6628
6833
1349
23556
54888
57560
6591
152330
56776
54880
9244
3756
60
9031
10225
55699
3295
9321
10020
6595
2200
8492
2563
3845
79184
23545
650
55151
23522
8772
113246
64131
23389
701
55869
9126
9569
8260
6487
1280
5605
7169
2898
54968
6499
9184
867
83987
85358
9439
2697
22861
10491
6497
2737
134701
79659
9719
1962
3636
158
126792
551
3630
64324
5885
83696
57492
1278
5728
4920
3832
2131
3340
121340
10082
871
84188
79158
64132
7471
170302
10484
57539
10265
4094
113189
2645
1277
4952
71
22827
8243
3052
54862
4157
3480
80153
11253
25836
2006
90993
84168
3984
7461
4854
4853
4998
2535
