5172
1789
2719
112744
105259599
79848
3040
79147
79867
5824
5828
546
729920
23765
55624
27077
3039
7252
7253
10758
57231
5696
411
283120
5189
5015
10329
1482
7038
148789
2548
1855
4125
526
9786
79600
89884
200894
64170
65062
9841
3265
8450
54941
79753
2239
79813
6772
51422
5626
29925
50506
84892
8504
3756
83879
175
84818
64581
1282
84197
8820
79068
10585
9409
405753
2623
29954
3070
3074
6528
54806
2218
1028
7067
10984
26040
2517
95681
2736
4556
64324
7173
4920
389434
5195
91147
5190
5193
5192
56623
7474
65250
8799
55687
11041
9215
7337
5449
5830
7068
3423
1605
79158
5194
55670
7849
54903
