374654
79633
8626
2969
5076
55112
57560
5982
80144
546
9569
25778
4867
324
10058
5147
57697
4038
6092
57728
11020
9573
79738
92482
10806
89891
6605
6597
6598
9096
7979
9723
79809
1717
26608
79728
6664
57514
2176
2177
2175
2072
2178
1749
585
582
583
57572
80184
129880
100151683
26160
8289
338917
51057
7148
55120
2188
55636
5972
153241
9126
54880
55714
22827
9031
6928
27241
285203
8945
8195
3516
341640
182
652
64220
54567
55869
29089
4774
2187
7480
9742
2189
3172
8260
5950
6299
84100
84464
26123
2737
79659
5885
64321
5915
5889
23426
57492
5728
123016
10084
10907
22954
25836
3975
57167
83990
675
65250
55212
55215
3984
392255
8243
54585
6468
6469
166379
51259
9928
8481
284252
2006
4851
63895
7461
8642
54903
4582
