1301
55857
762
50485
84623
6121
6101
6100
2189
24
4901
406960
1778
4591
547
54507
2245
4867
10522
5148
675
5145
7399
5995
23568
5961
29123
10686
6094
6010
84140
11020
6017
3035
81704
169522
79738
3845
10594
129880
10806
1259
4575
5158
2904
6598
124583
6905
1859
51360
346007
79728
6664
91851
2176
2177
2175
2072
2178
7439
1258
157657
585
582
583
80184
65062
4117
23090
23418
388939
8289
51057
7275
55120
4751
79583
1406
7401
3614
9126
2902
9128
9129
6605
10210
6925
55812
5130
2200
27241
8195
79947
1013
5949
64218
130557
375298
26160
7299
64131
55869
29089
92482
2187
9742
25794
7003
2188
51524
138050
4935
84100
6295
84464
26121
92211
6597
8831
51259
79797
57709
7287
5885
10002
57545
5119
10369
55975
9227
768206
5889
145226
30813
57492
123016
50939
6103
6102
24148
22954
2036
1298
1299
83990
89910
8842
1297
57697
55212
778
55215
23020
2979
10461
8243
54585
166379
51256
1282
3420
8481
79158
55777
63895
54903
25836
2245
79158
4935
