55857
762
4308
6102
345193
6121
6101
24
79147
4901
10585
2916
3769
5145
7399
55624
5995
23568
343035
6094
6011
6010
10195
84140
6017
51
1406
10594
346007
1259
10210
5158
10329
57192
9657
60506
148789
5961
7439
1258
157657
583
80184
4117
103
23418
388939
130557
7275
4751
29925
167691
84892
3614
2779
9128
9129
93589
3000
440435
55812
79947
5949
84197
64218
375298
26160
29954
9742
25794
138050
84100
6295
2218
26121
92211
7401
79797
3420
7287
10002
57010
57096
9187
55975
9227
768206
23636
145226
123016
5148
50939
6103
64802
24148
6100
729920
8842
23746
778
2979
11041
10461
392255
5538
4508
9215
1282
57709
1605
8481
23020
