55857
762
2652
2651
4308
6102
345193
283652
6121
6101
8546
8787
1259
24
1545
80326
4901
3123
6094
1678
9364
5148
5149
5146
3769
2706
7399
2700
2703
5995
8626
22926
23568
343035
1497
7124
157657
54714
200576
6011
6010
84140
6017
149233
3035
4137
2068
169522
1258
10594
10804
1411
26160
2074
1414
1415
3000
10320
9094
2779
57192
9657
4653
60506
4210
51360
4286
2780
1419
83938
2303
4094
22999
80184
7431
5961
7439
6303
282809
583
3586
8754
1410
1130
4117
1261
100151683
23093
23418
64218
130557
10210
1413
4053
1643
7275
6775
83394
1406
55630
55750
83552
10908
167691
3592
3614
1412
3595
3617
9128
9129
93589
5333
3299
440435
5158
5111
7099
55812
5130
1421
1420
6768
388531
79947
346007
4948
5949
388939
6323
128338
375298
7299
84839
340024
9742
25794
224
7840
138050
5429
4935
5956
84100
6295
4070
720
26121
92211
4751
7401
79797
57709
7287
10002
57010
57096
9187
4575
55975
6898
9227
768206
145226
4166
123016
2916
8481
3106
6103
64802
24148
6100
56244
7507
326
51151
8842
5145
773
23746
9445
778
2978
2979
10461
392255
26504
7045
4157
3420
112476
50939
64127
477
23020
7508
3982
