374654
90121
10297
4784
10516
5825
5824
5826
5828
5980
1947
55764
56623
79600
139411
6154
7043
7042
3339
7048
5308
2316
2317
6655
6654
57724
55997
5913
79882
83696
8239
56052
25886
4558
3675
79728
8738
2263
2260
2261
8516
8514
57572
80184
9841
23090
6938
9487
23545
23096
25970
55120
79813
5573
57167
23325
54888
23322
23483
54499
79867
4629
83879
3295
10020
285203
93210
3516
6204
4088
6201
546
56172
29089
6611
9742
95
26281
5184
5189
9184
84942
55650
83479
157570
29968
3636
284098
551
6899
91147
3340
5925
83990
51651
89910
1756
29760
23384
1278
4313
1272
1277
8799
11043
57211
8243
1281
1280
1289
7046
63901
8642
8643
2535
2710
8425
1301
1302
5979
55180
2719
2657
79848
132
8050
5745
5076
5077
9839
1836
9126
6223
79868
7592
6249
23111
10743
4867
57728
5922
3930
1954
51684
4036
4038
9702
170302
7474
54928
3845
147372
4488
1063
6855
57539
701
1482
1717
4041
6662
1139
1134
4621
285590
973
4541
4540
347344
2271
26229
10907
27315
54101
26227
1349
153241
3590
23129
8504
57560
152330
5034
9533
10653
79827
6929
641339
175
9871
974
4538
79583
4535
341640
182
183
9401
1501
652
650
185
186
9409
4323
2623
2627
113246
2629
54567
7353
5894
8573
54806
860
5831
867
28952
2697
84061
6218
80153
4763
10472
23426
51715
24140
5195
5194
5190
5193
5192
9896
9897
51082
324
65250
207
112752
7102
71
3054
3052
2239
3070
91179
7068
7067
78989
5447
6135
56262
10940
1146
1144
79633
8626
57688
10060
4572
4574
4575
4578
85301
699
80144
161742
2248
2245
388662
1312
5063
5147
5144
50964
27077
5592
2146
81031
10617
10752
89891
285489
9652
9719
10128
4281
4125
9524
2664
9786
7531
51594
7021
55112
145173
92935
137814
6774
51185
55636
7020
8813
5972
9968
3759
579
56776
2296
8216
60
4638
116442
257
79659
2200
8492
2563
80776
60529
7290
7291
9509
79644
79650
30008
51524
6487
2898
11141
7991
6197
26123
81857
9439
26040
2517
26128
95681
9342
2737
10000
2733
5296
4089
5295
5290
57096
64327
64324
5885
25836
5889
5728
56975
5727
4593
4591
4337
6229
10484
894
10265
10269
55215
673
5832
5830
3543
51259
11253
4000
55670
168667
3981
54903
1789
6125
1962
55690
3040
158326
286
3762
4338
675
57697
29940
5518
4567
4564
59
3756
3643
171023
29123
3039
6016
51
2314
2255
144568
8036
4893
5605
5604
4208
9990
4204
79809
4094
1855
57514
2176
2177
2175
421
2072
2178
9469
9723
65062
3954
3265
124512
26160
92335
51057
84720
7372
4297
3507
54539
9791
200894
23389
7545
7546
2077
117581
9037
6165
27245
1636
55315
5781
65109
79184
27125
6909
2812
63976
64132
6138
55869
2182
2187
7552
2189
2188
6905
84464
1741
6497
79791
9459
6492
57545
139285
6499
9451
8076
5648
6949
23522
5528
30813
57492
4921
4920
4512
4513
4514
7468
9496
29072
26053
6023
4990
2720
113189
6235
5048
8092
54862
4853
8481
7469
10771
2006
84168
63895
6234
4854
6231
4851
