7490
1349
6658
6662
54539
6736
3052
91147
51057
7148
23322
79583
80184
57545
7490
1718
79848
1584
80776
57096
6913
27077
79867
54903
51259
79848
6716
55112
79867
7050
699
80144
546
3481
56623
6997
6913
27077
9702
150468
6845
57728
6658
7259
26160
2253
81839
3664
80199
190
79809
84976
1717
22858
6662
1718
6309
9786
79600
84733
200894
1528
4214
80184
65062
23414
51057
7148
4750
89891
5080
54539
51741
7546
1349
153241
627
23322
57560
117581
2619
6496
1584
3293
79583
7490
1586
80776
341640
2626
701
1646
9742
4838
54806
2516
1109
95681
2736
29968
79659
57545
57096
9184
23426
91147
3239
5727
50846
3972
170302
8928
57539
65250
54101
28514
6736
3052
6469
51259
5447
26227
1761
54903
50937
51057
79867
23322
6658
6662
57545
7490
51259
79583
79848
80776
57096
80184
6736
91147
27077
54903
91147
51057
79867
23322
79583
80184
57545
7490
1718
79848
80776
57096
6716
6309
6913
27077
7259
54903
51259
