2263
5176
57688
22931
22930
5745
5192
60681
5479
8092
5828
699
1947
9939
10743
4867
121340
5144
29940
1954
27445
7043
9702
2260
11020
2314
259232
51
79738
129880
26160
51604
538
4323
701
9990
4204
10752
2263
64175
2261
2077
51594
8514
585
582
583
2201
80184
92482
6938
9487
10806
5824
51057
4053
4750
79813
51185
5573
26229
649
7545
3590
8504
9126
152330
60529
54499
25782
175
2200
27241
8195
2563
9401
6678
26137
56603
652
22954
158
9409
55151
2623
79644
63976
55869
128637
84100
860
5189
54808
2892
28952
2697
26040
157570
10491
471
55209
6497
79659
7291
4247
9184
5885
9759
51715
123016
2132
5195
5194
5190
5193
871
9895
9897
51651
89910
7471
6023
1278
4313
10265
4094
55212
113189
1277
8799
56975
81794
8243
3054
54585
7337
166379
5832
5830
5447
10084
10771
90993
55670
51317
54903
25836
56975
5824
5830
5195
5828
5189
5190
5193
5192
8799
9401
5194
55670
2263
9409
2260
8504
