55180
2969
79848
22930
28514
6870
79867
1848
5982
7050
158326
389549
6249
4983
55764
51185
9569
388662
23767
6997
84634
27077
57728
57724
2798
128674
2253
10801
79882
6597
6598
84976
51199
6786
6663
26608
6664
80184
26012
8738
2260
3814
9524
124512
8289
9394
2796
79583
5859
55636
23389
9401
63901
284058
23325
54888
23322
56776
55717
2619
25782
9031
6605
79791
8492
80776
8822
8820
2121
54756
2624
51057
145258
6487
4838
2898
84942
7991
9439
2697
2736
6496
132884
57545
57096
83696
3730
57492
4693
91147
3340
5727
5925
25836
81848
8928
57539
112752
60675
6866
10371
54862
6469
1804
5832
5831
51259
80153
11253
284252
2006
7546
3984
7461
8818
54903
50937
