10060
84623
2719
2969
105259599
79867
5982
1778
51574
546
547
8905
9569
10743
9378
3764
10522
56623
673
9179
27077
29123
3643
7319
259232
2068
2799
3845
1663
2902
283120
6595
2904
6598
136647
1028
9652
5604
9719
1859
1717
26608
6664
526
10717
2071
7737
1013
80184
65062
57545
285590
8450
23090
10225
9487
8289
92335
79753
51057
10984
9791
9968
54888
23322
117581
9533
54499
3756
60
9031
6605
145173
6925
175
2200
11154
79583
6597
80776
54968
158
404672
2239
2588
23431
10013
51524
6888
5605
6299
10847
64324
84942
6197
26040
8831
26047
4247
6499
5290
57096
6949
10369
57492
4920
91147
79848
2036
471
51082
89910
10484
81704
10262
10265
2720
56975
71
7337
51259
3425
8481
10771
2006
55777
3984
7461
3981
54903
