8626
2969
5580
64446
5982
161582
54919
9569
931
930
4867
29851
3930
55036
2261
11020
2316
54
345895
2214
8701
79738
129880
26160
1380
84522
9094
987
93233
1717
51364
26608
55130
80184
919
915
83544
916
585
582
583
23495
6674
352909
10806
51057
27019
3507
92749
54768
10309
54880
8742
9031
6929
5130
27241
975
974
973
8195
54585
56683
123872
2622
115948
83861
8260
388389
221421
10847
84100
85478
3373
7403
5295
79650
23639
123016
6103
22954
55172
29760
55212
4256
4790
4791
89765
339829
8085
166379
1280
3543
3423
3426
1767
56262
8481
79158
2006
54903
3984
7461
92482
115650
51314
