7080
2299
389434
3766
5172
7173
7038
6528
50506
405753
5172
6497
169792
1482
7173
7038
389434
2563
405753
8514
8085
63976
5144
7849
6528
7080
7252
7253
7067
7068
5573
50506
7403
1497
23312
3953
7200
9915
51199
5172
1497
2969
112744
105259599
3570
4572
4574
4575
4578
3043
10516
5580
5982
5626
7050
699
3559
26276
4868
9569
931
930
10743
6329
387281
3977
3766
4838
5144
6997
100144748
84634
4567
4564
8022
4038
9702
2332
3561
7252
6658
6392
54
2314
7253
10758
3242
1380
6567
2778
283120
6391
5015
169792
701
1482
4558
7038
493856
9915
3575
26608
2304
7249
7248
23495
368
421
89884
64170
8514
64421
9723
84515
3953
975
23312
4540
100
6774
2253
5573
6772
2670
55636
50506
7546
284058
2299
54880
8742
2619
4541
9031
6928
7018
5373
3293
2812
84818
64581
4538
4535
2563
8820
652
9184
405753
7290
2623
23522
6469
63976
1356
30008
987
197131
23432
7353
7849
5896
5897
6528
3172
8260
7840
7080
6299
1028
2736
10984
26040
2517
7403
6497
6496
9451
5290
64324
7173
6899
1312
5728
389434
4512
4513
7201
7200
5727
4514
324
51651
23765
6023
29851
8928
207
5167
50943
84976
28514
51199
4790
4791
8085
5449
3547
6390
7068
7067
7466
2006
3984
63894
7461
3981
115650
50937
7200
3953
9915
