9060
1278
5176
121340
55151
1277
7471
60681
6678
10491
5479
2317
2517
84667
134701
145873
3930
3955
10683
1280
1302
10060
387733
1300
1301
1302
50485
8985
3417
5745
60681
3418
5479
1836
4148
9060
3764
1311
121340
3930
6399
10683
3339
2260
2261
2316
2317
5176
2990
54
538
4322
124583
9719
126792
51360
4041
64175
5130
11285
3955
100151683
100
249
6678
4054
145873
4952
63901
84667
5034
176
175
9871
2200
51025
92344
55315
55151
64132
64131
2588
10013
860
54808
91252
8838
2517
10491
134701
3835
3636
4089
9451
59341
4921
5352
871
1298
1299
7471
6023
1297
1278
2720
4318
2879
1277
649
83452
1280
5831
90993
10940
3636
2261
51025
1280
5130
