10060
84623
23363
23592
6664
7227
4784
5077
285362
51305
8091
1778
6249
547
54757
55180
3764
10522
8626
9820
29123
2799
1387
2902
79882
2904
6598
4208
1859
83987
4125
526
8738
51594
1013
9524
157680
84295
7021
124512
8289
54941
4297
51185
26229
5979
23384
23389
10908
23325
54888
9126
23461
56776
54880
54499
3756
6605
6925
8492
6597
4089
27125
26235
55869
7355
8260
6487
2898
388662
7991
6197
85358
9439
2517
8831
26128
79791
4247
10369
5885
83696
10479
57492
85440
2131
3340
2036
81704
8243
54862
80153
11253
3425
25836
55777
4853
