1140
9200
1144
1145
55180
2969
285489
4784
5077
5982
6249
545
9569
388662
6329
9179
4038
58
6567
1062
9031
2254
5913
9037
79882
10733
10046
55835
7136
22995
375790
26608
51114
10717
8738
9723
9524
8200
1134
4621
124512
50814
84126
51185
7140
641
55636
23389
538
9968
23325
54888
9241
56776
54880
4633
6535
10382
2200
11154
8492
4534
9401
1501
65109
26235
23431
7486
8260
6487
7169
2898
7991
57190
9439
6495
5116
79791
147912
7170
83696
6899
10479
4810
4000
3340
2138
4593
89910
3679
10269
54862
2332
80153
11253
10084
2006
5932
3984
7461
4854
3981
