57492
6595
1123
57167
1788
10060
668
79633
55180
2969
22931
22930
23594
285489
5077
5982
8260
699
7592
6249
55764
545
9569
64093
388662
286
3762
1312
5063
10058
675
2175
421
8626
139411
6913
3339
81620
57728
5594
1062
8450
9702
2068
81031
9031
3845
5915
10752
10801
5913
2067
6855
79882
6595
8239
1123
701
55733
1399
9719
55835
4204
9573
22995
6662
26608
79728
2664
57514
2176
2177
8738
10269
2073
2072
2178
2077
2074
8514
5000
57572
9524
4621
100151683
124512
145173
23096
338917
84126
84295
55120
4297
51185
10907
23389
9968
63901
284058
3759
23325
79868
54888
152330
4998
56776
2290
54880
60529
29089
55714
25782
64220
641339
116442
2200
285203
347344
8492
2563
3516
9401
186
147372
65109
7552
7290
7291
23522
2812
63976
54567
10733
2182
7353
2187
55784
2189
2188
7841
6487
5950
128637
2898
6299
11141
7991
6197
9439
2697
84061
84464
1741
6497
5116
79791
9459
6492
4089
5648
9184
83696
6899
4613
5889
990
57492
24140
4000
3340
10082
4593
9896
25836
57167
83990
89910
1756
170302
57539
57697
112752
613
246329
55215
63895
7102
11043
392255
8243
3054
54862
6469
91179
5831
78989
80153
11253
3981
284252
2006
5932
3984
7461
8642
79228
4851
