90121
1146
1302
10297
79848
6125
6664
5077
8504
79867
1144
5828
699
1947
546
5144
673
6154
27077
3339
6023
5913
6597
6598
701
9652
26154
6662
4125
5314
128178
8514
80184
1134
7021
9487
5824
51057
9702
10913
5573
6218
26227
23322
117581
9342
6605
60401
6165
79583
2563
80776
6204
60529
6201
9409
8289
5781
2623
63976
5894
6235
10013
5184
5189
9184
26123
2690
6497
29968
57545
6499
57096
64324
6899
1896
57492
56975
5195
91147
5190
5193
5192
6223
29072
6229
2720
8799
6138
1280
5830
3423
168667
51259
6135
7189
5194
55670
6234
6231
54903
