8085
54888
10265
10084
117581
60529
5818
7227
2132
6926
51317
3981
7403
112802
144568
3868
54888
60401
4893
117581
8626
1909
147409
10161
8216
10682
55806
79574
6928
7227
6144
200879
1896
6926
3675
1832
51715
2132
7403
81607
10084
6635
9896
54453
3854
25959
3975
5781
5922
54499
89910
60529
6023
9469
6303
3853
23522
10265
3872
2706
51360
673
1954
3728
128178
54345
9419
2972
8260
8085
3891
3229
10913
11005
6016
22845
6655
6768
5818
7189
8815
79158
3845
147495
6654
10804
5894
80326
100151683
51317
3981
1001
121391
