1301
2651
9361
22931
22930
4572
4574
5193
4578
10516
79147
4149
5824
5828
10585
79443
2700
2703
55624
4567
4564
64374
55750
5309
6392
6390
6391
57724
1419
3845
1410
1411
1412
1413
1414
1415
1417
4851
5605
5604
4558
128866
6389
4047
4284
1409
57514
7431
9150
57572
4627
4541
4540
23095
4810
2271
54949
5979
4952
673
291
63901
7428
8504
54880
84668
25782
3299
1421
1420
285203
857
4538
1427
4535
3516
2110
9409
631
29954
54567
8260
128637
5189
2109
2108
55654
2512
1969
5195
4513
953
5191
5190
4514
5192
4094
8799
8419
9197
146862
4575
29925
9215
1287
5832
5830
1282
4512
284252
2006
26227
5194
55670
80781
7466
3982
1421
7431
4810
1420
2651
2512
2700
2703
1419
3299
4094
1410
1411
1412
1413
1414
1415
3982
55750
