362
3848
10060
55505
8626
55612
7112
23592
4574
5073
1832
6578
7051
8710
26277
643418
3852
3853
10587
1674
3858
126410
2707
2706
100144748
673
6444
51684
51371
3248
1829
1828
22845
1824
6390
6391
6392
25959
3845
10804
3848
80326
7139
57192
88
6901
6389
7134
7137
51360
26154
55135
5317
51750
2263
362
6303
8048
127534
1410
4624
4625
242
7273
7373
22861
29926
91624
84665
1075
488
9531
5663
3868
5664
7015
7012
11155
3857
3854
1736
7414
8643
57798
2274
63976
3872
285848
3728
4607
5605
7168
5184
5604
2218
55651
2697
9342
348938
284654
79092
3861
79650
79651
5290
59344
6898
5728
5350
3849
80169
5727
162514
1756
207
3910
204219
831
8557
70
8086
286887
282996
4014
79719
6331
1475
5894
57152
2697
2707
127534
51371
2706
