144568
23522
6016
4893
6655
6654
673
5605
4763
3845
5781
5922
5894
8216
374654
5176
1302
22930
23594
7227
3040
60681
5479
9839
7048
26276
4982
9060
990
121340
673
1954
7046
7043
7042
3339
64374
5592
59
3039
6016
2990
2317
6655
259232
81031
54928
3845
538
144568
6654
4893
124583
5605
7138
6926
1855
4125
51114
64175
51119
5000
1131
100151683
81620
4629
6678
92935
4758
26229
649
3265
9968
137492
23483
8216
25782
6399
175
4638
2200
2201
92344
5781
650
65109
55151
23522
64131
84572
6611
5894
5604
5831
54808
256297
6197
10491
6497
132884
4088
8076
59341
4763
92579
51715
4920
5352
875
871
5922
7471
1290
6023
7474
7476
1278
1277
83452
2121
1280
7068
1289
3549
90993
63895
63894
4853
4998
