5172
2717
114548
2299
105259599
7456
7454
55112
6473
5625
26276
55764
54757
4867
9935
2243
2859
3766
56623
11277
5468
57728
4485
2255
89891
283120
56052
7132
79809
7369
493856
2263
2261
7531
4210
80184
65062
23090
26160
25974
10984
5080
3090
5972
153241
627
23322
57560
335
10555
6928
6925
977
857
1636
79583
7490
4069
183
9401
185
9742
3172
51524
149461
1028
84942
2353
4010
79659
57545
9451
64324
6340
91147
1294
57539
4312
51816
112752
5048
26580
1287
2335
1282
51259
1288
64127
353
950
63894
6338
7466
