1736
55505
1301
5073
3043
79867
5627
1298
26277
545
348
4867
9786
3832
56623
11277
4567
4566
1497
27077
171023
5264
11020
149233
1062
79738
129880
10806
7468
10733
57192
55835
4556
583
22995
493856
55135
51750
1019
368
79600
200894
585
582
4210
3586
80184
65062
3954
92482
26160
4547
4758
51057
84126
6775
79583
55636
8813
1001
3593
3592
1493
3595
65057
7015
7012
27241
8195
7099
1032
1030
189
1356
5657
224
1280
54806
84100
1029
55651
25913
720
95681
5116
79650
9723
256471
6945
123016
5351
91147
3106
80169
5191
79848
22954
9896
1299
25974
1297
65250
5167
55212
54585
166379
4157
3115
3425
7466
7469
64127
5932
26191
54903
