9742
55857
762
2652
9364
64802
6121
5193
6100
24
80224
4901
5828
4709
6094
545
1261
50939
5148
3769
5145
7399
5995
23568
343035
4519
6010
79133
84140
6017
3035
1062
3052
1406
84100
6310
84233
10594
26160
1259
4575
5158
9094
10733
55835
9657
22995
4729
4728
4724
4726
4720
4723
4722
8754
5961
7439
1258
282809
4598
8514
583
80184
22999
4117
7025
91137
4540
23093
23418
388939
5824
84126
7275
4751
4541
54539
4512
51103
126328
4536
167691
1349
4537
3614
8504
9128
9129
79797
23020
93589
5116
3000
10210
7287
55812
4535
2563
79947
346007
5949
64218
6101
9409
130557
128338
375298
63976
374291
1593
8573
25794
138050
6102
5956
2895
6295
5189
7167
25915
26121
92211
7401
6497
57709
91942
10002
83394
57096
256471
55975
768206
9227
84839
145226
123016
4694
4514
5195
5194
6103
5190
24148
5192
55572
89910
8842
29078
27229
23746
9445
778
8799
2978
2979
10461
392255
26504
4715
157657
5830
3420
85378
4719
8481
5932
55670
9927
