4810
1301
3664
79633
7039
1896
4040
22856
2263
2260
2261
8517
147372
157680
4054
128178
8313
2972
145173
2255
4810
5083
4487
2697
80326
1387
29123
546
257
29123
546
257
2697
2972
1301
157680
2736
6496
132884
1301
3664
79633
54880
2619
9775
7039
1896
257
84976
4040
22856
7050
5727
546
2263
2260
2261
8928
8517
4838
128178
6997
147372
157680
4054
28514
8313
2972
145173
8260
80326
2121
6469
4810
29123
5083
641
4487
2697
2255
1387
2253
7546
50937
29123
546
257
9775
2121
6469
2736
6496
29123
4838
2253
7050
6997
54880
5727
2619
84976
28514
132884
50937
8260
7546
8928
7039
8517
2261
4040
2255
3664
5083
79633
8313
147372
145173
4487
2263
2260
4054
80326
128178
1896
2736
6496
132884
54880
2619
9775
84976
7050
5727
8928
4838
6997
28514
145173
8260
2121
6469
4810
29123
641
2253
7546
50937
641
8260
54880
145173
29123
546
257
9775
641
8260
54880
145173
2736
54880
641
9775
145173
8260
3664
4054
4040
5083
1896
4487
8313
7039
2260
128178
80326
4810
9775
2697
2972
1301
157680
641
8260
54880
145173
22856
1387
