6335
65125
547
8518
54463
3914
3691
3872
1308
3909
3918
8710
3854
3868
3853
80326
3717
55505
1303
667
114548
1308
5073
1832
4149
3123
6578
5621
8710
3857
3854
4869
3852
3853
2707
330
5468
3248
1828
6392
6390
6391
5696
3848
80326
596
5605
5604
3145
6389
51360
55135
429
51750
8802
11280
2261
2668
8517
127534
8518
8450
23095
4352
3508
1644
2271
54949
641
2670
5979
3094
10892
83550
7428
3593
627
65057
9244
10555
1908
7015
7012
857
26277
3691
1736
27086
3845
547
7297
23529
3872
3728
84466
55651
55654
2697
2353
2517
604
3868
3861
79650
3909
6898
6945
3106
80169
3977
162514
1292
1293
65125
1291
8929
3914
54463
3918
9049
673
26580
7066
57152
6335
6336
8915
3074
26191
3868
3872
8710
3854
3853
80326
