2653
1786
498
5277
6576
5621
8869
6326
1373
84153
4867
56623
79600
11277
27077
6792
149233
6567
51
4137
50814
10535
2904
120227
6709
3141
275
6513
9786
8803
359
200894
427
79042
57338
4210
3586
80184
5009
65062
64756
445
150094
103
249
1644
80746
6775
788
383
55630
7421
435
112476
6833
3592
23322
3595
79867
5663
23090
2203
2055
79583
7099
57545
5860
55275
64135
1594
5551
51524
6487
23236
54806
7084
91647
720
95681
2731
554
6813
113235
6948
60386
5053
91147
3106
79848
8676
170302
5805
65250
79621
2643
283989
80704
5538
201294
51259
514
51091
64127
25939
25839
54903
