55180
23594
7227
5077
8092
80144
6249
545
388662
3763
8738
8626
150468
29123
5594
2317
1062
2254
6591
79882
60401
6597
6598
10733
55835
22995
4286
10978
6663
6664
526
1399
421
81620
5000
9524
8200
4621
124512
8289
84126
51185
10907
990
23389
284058
23325
54888
9241
117581
56776
60529
3756
6605
1908
5339
8492
3691
341640
9401
652
7290
2812
197131
7353
1910
8260
6487
2898
10847
7991
9439
2697
157570
5116
79791
5295
64327
83696
6899
1896
23426
9759
1312
57492
2132
3340
613
4256
54101
54862
91179
80153
11253
8481
5932
4990
51317
4998
