130340
55612
55343
84916
27286
4023
23443
131118
4607
10892
10891
344
55764
3998
50640
348
3990
165918
57728
6795
6792
2316
2317
57724
51601
51604
291
56052
271
55835
274
275
4653
26154
80208
80207
100506658
81622
2263
2260
200894
51119
389207
9524
9255
124590
3690
22909
103
100
107
5824
4810
84126
113179
26022
9414
57505
9419
646960
54888
2736
2737
10382
10381
83879
9321
9636
2731
285203
8942
8945
84693
3516
3514
2688
10166
2683
6809
6804
285848
10560
5290
9742
10564
10568
95
51067
1991
1621
5184
64327
1629
5189
256297
3208
83479
8838
285440
29968
554
64241
79001
7078
3340
7072
54084
1759
1758
1757
1756
29760
79628
1174
79621
23503
4256
5538
89765
1285
1286
1280
1282
11160
686
7187
51473
283652
51475
8547
8546
8540
7456
199713
7454
55112
6576
7450
5627
5626
5625
5624
2743
8492
1373
1374
401
1376
28962
65080
23474
338328
23479
55624
5995
5994
28982
5993
4036
4038
8291
50674
6657
5660
4842
55755
55750
51293
6531
396
128866
2308
4729
4728
6786
2301
4724
84876
4726
4720
4723
4722
2995
11280
11285
11284
339983
3745
4620
4621
4624
4625
242
4629
249
2274
2271
26146
80746
51106
220202
51103
9533
9244
9531
219844
79823
121391
178
176
175
174
2052
4538
2059
4535
4536
4537
3694
341640
9401
92667
154288
9409
404672
2657
10157
9333
10159
54567
83861
10397
9622
138050
1509
54968
3081
3594
10717
2697
84062
90678
2693
2692
2690
54982
6813
6812
9750
10577
1969
5195
5194
1615
5191
5190
5193
5192
8842
2876
2879
54345
54344
146862
5449
149461
7068
5443
5447
5446
5445
5444
1761
1767
115650
1140
1146
1147
1144
1145
8625
8626
5897
1545
699
8710
83737
540
547
545
29110
549
29978
388662
23600
112744
3651
8029
8022
283310
53405
7443
6569
11020
11023
2266
345895
123041
410
411
129880
1380
3827
8443
3043
93233
4286
4284
9152
3588
25915
368
55036
55033
55149
65217
1776
145173
4758
6778
4750
4751
6770
6772
5873
55636
55630
92749
3758
1075
3753
3756
258
4634
222546
55812
2200
2203
57674
57679
80776
84720
51135
6687
9509
120892
7841
7840
4838
3689
128637
84100
4524
56997
57038
7991
9439
2516
2517
26047
95681
9342
9343
6628
2733
5297
10165
5295
10161
3460
57096
9187
9184
5054
10367
5053
1811
6622
7200
54977
163183
729920
493753
7345
3587
3229
157657
1605
808
83452
801
168667
805
5476
80821
10216
10210
285489
3329
5479
83636
5277
347733
161582
3973
7054
3972
79633
54756
54757
5332
388753
3977
8635
5519
137682
2998
59
58
1557
2990
54
2992
51
50
53
2997
3034
8701
79738
83706
3035
3030
11107
3032
9990
3033
8526
9997
28234
6519
169522
170692
55135
6513
6514
55131
55130
83700
79600
10021
1392
427
283417
3814
23495
127534
65062
8456
144165
23259
92335
51057
27019
27010
4292
23384
23389
50506
55005
55806
84818
6768
56683
4747
4744
55640
55315
9971
148022
5860
57798
64131
84059
60495
64135
2187
229
2184
286262
226
2189
2188
10312
220
2214
2218
27235
51128
27232
51124
6690
6697
78989
151
10082
158
7837
6341
6340
4519
4512
4513
340719
80169
4514
9420
81704
9427
84572
2720
113189
246329
60675
9197
10371
1807
1806
3786
3784
3785
4990
63895
63894
170691
4998
84627
10518
113612
9775
83938
285362
8867
9289
7305
8869
255738
54507
2859
7051
1491
7040
343035
1497
5468
3339
203228
5265
5264
5261
7737
5269
440193
84665
3659
375790
1120
284217
147409
8604
11136
25886
11133
79728
2984
525
8738
83715
3818
282809
8516
85301
85300
8048
8518
4358
4359
4351
4352
8289
55129
25974
123263
11005
25977
25978
6505
23064
435
23189
127833
65057
93589
11340
4671
8192
389549
51025
92344
8195
93210
197322
6439
23396
23395
50511
55788
220136
55780
26281
4175
4173
4179
5818
9940
55651
27130
51807
56652
348938
348932
919
6898
119559
10804
7390
5149
57654
51151
2707
27229
253827
283989
7827
4508
339829
286676
85478
85476
80153
2538
64072
9364
9365
9361
8985
5073
5071
5076
5077
153201
5075
1832
1836
146059
1834
1716
2155
939
4982
10749
2153
931
930
2159
80025
163786
54209
54205
84634
1954
1956
1950
9702
1959
3248
8878
203859
825
346007
84701
23400
169792
84529
1482
23418
7036
54332
5495
3300
9573
5250
1717
9381
9382
1719
1718
83893
2799
83544
1131
1130
1134
11128
7780
79751
79753
7148
161497
2796
164656
29929
29926
29925
8722
514
1001
8050
23129
8504
5663
8292
343637
5664
5396
129563
7498
11019
7490
25981
790955
5950
375611
3872
11330
26525
23230
23236
221421
19
18
27031
27034
3908
3909
84839
4166
389434
64805
64802
51324
5800
5805
203
204
51816
208
55687
80704
166785
392255
2235
56262
3575
5932
81494
22852
3490
23203
4574
4575
4577
4578
3655
2099
4604
224
2521
2523
80144
26276
26277
26275
23209
26278
9378
2660
4882
2706
2700
2703
9179
10683
10686
64374
64377
1829
1828
1825
1824
2147
81031
9570
23594
925
10535
5395
113278
9719
9711
83959
22995
3479
22999
2936
132158
84733
128178
54658
157680
10225
388939
137814
785
9394
5244
788
1723
2512
83552
6578
137492
60
3000
1588
1589
7157
1586
643418
1584
1585
57017
501
631
338917
30008
30009
6521
6523
7486
6524
6528
5654
5651
168391
2896
1103
1727
1109
3868
91942
5241
3861
256471
6597
3735
5728
5723
51004
50846
3730
3914
3913
3912
3910
55212
4693
55214
55215
326625
6736
8313
261734
4790
4791
5836
5837
115948
220074
5832
4157
5830
5831
4158
11253
11277
55670
51314
116369
55505
212
213
210
55857
55858
6647
158326
5903
4337
121340
7809
3480
57697
8742
4567
4566
4564
3643
81848
150468
6399
117144
6392
6390
2395
26249
2779
5015
24148
10329
5019
4891
2773
2775
7979
6262
6261
2176
2177
2175
915
162417
917
916
11181
2729
124512
64218
847
845
378884
841
8898
440275
7372
8893
8892
8891
8890
286204
54820
112802
125336
7018
221927
7015
7012
1738
1737
1736
100131801
79068
84342
84343
123872
84466
375748
284086
29893
79083
29899
3070
1594
3073
1591
3075
1593
2055
3078
2956
6888
5345
7168
27445
5340
388389
6499
83987
80270
284403
79797
79791
6144
1201
1200
1203
5649
5648
59344
92579
5644
11078
8671
8676
29078
90993
23746
23218
8419
4040
118429
487
6785
11315
26503
26504
11311
84879
6468
6469
91574
51010
6789
25839
79228
7480
374654
3921
2304
23363
4148
5826
5828
51308
4143
9939
3852
3853
55532
3293
56623
5961
6094
340665
2898
494513
51164
6658
51168
259232
259236
55997
51761
5915
10806
5913
79882
120227
140803
191
190
3679
60506
4552
3674
2542
10516
117155
2548
26090
26258
64175
64170
124454
5002
5000
64421
9150
3586
57572
80184
80185
2760
7306
9487
1848
79955
348980
2165
117531
2161
2160
167691
2162
9734
54499
64221
64220
3299
1908
1906
3295
3257
3290
3291
10020
5130
222662
857
22978
3459
859
84197
653361
57379
112817
84570
26873
147372
57094
29089
10243
7007
5224
148738
157570
132884
29887
284098
3988
6891
6890
6892
7170
7173
7172
6899
768206
644096
142680
1053
5352
5351
5350
91147
83990
89910
8629
29851
388552
1278
4312
4313
79783
4318
1272
617
1277
8799
6557
54101
11041
8792
84433
8795
3119
3117
340990
1476
1475
23020
8647
8642
23025
8425
1301
1302
1303
50484
50485
55180
7042
1308
6559
23590
498
5745
4222
24
21
5580
6473
2593
6476
51574
23111
25821
3939
3938
126410
3931
3930
2592
10195
6718
7471
6716
6712
6710
51371
9907
7473
5696
65018
55526
124997
51199
4041
4043
6662
6663
51196
6664
10878
51750
51204
5962
51206
3665
3664
4549
4548
64699
4541
4540
3918
4547
57582
2571
26229
80067
10907
27315
3691
10908
26227
57217
153241
3590
2591
10309
6591
9128
9129
10653
4436
7915
977
975
974
973
4942
79944
79947
4948
57104
183
57107
185
2110
189
8600
2622
2623
2627
113246
2628
2629
8086
9581
1911
1910
5106
5105
54805
54806
146167
54808
54809
866
2027
2752
84189
10491
134701
146183
5216
5213
83696
9054
9056
356
8924
55775
22897
776
771
112752
778
2978
2979
6868
72
71
70
6866
6862
57817
91179
79158
3982
79152
9927
669
667
1261
4308
8659
64788
1312
284111
23767
79443
84984
284119
6444
6445
6442
6443
6440
6913
27077
9829
6448
23562
89781
89780
92482
89891
3949
55084
6709
6708
8328
126792
8323
8322
51364
4126
4125
135138
7436
7431
113235
7439
64756
6674
23417
150094
81693
6678
92935
4056
2694
4053
51185
51181
50615
50617
51218
131669
51741
2299
3614
56776
60528
2296
2294
25782
440435
2563
90411
3845
56603
10913
56606
27329
4353
26235
10319
2584
2583
2582
2581
7297
7299
5023
2588
57560
3728
966
53904
4683
6295
79934
4688
4689
55120
2109
2108
26123
81857
26121
2103
152926
26128
5116
2639
10002
1610
5573
54476
5119
2632
5256
9227
64240
23568
1537
56975
57128
3431
875
79848
871
2741
4593
2035
4591
388962
4594
4595
4598
10483
10484
84173
2038
10265
10269
204219
10466
6389
5205
10461
54585
440138
3543
400916
3549
282996
54903
54902
1789
1967
762
760
1785
7112
1962
6875
10083
6873
6870
79147
5376
1073
5373
84225
1674
1675
4338
675
673
84987
2554
171023
1419
164045
1410
1411
1412
1413
1414
1415
1417
644
1326
7293
6905
8139
6901
6900
374462
59067
23175
89884
1528
1258
1259
51021
643226
3955
4117
130557
51422
126326
7424
7421
126328
7428
117581
93183
220296
6605
6606
6607
200879
6609
10324
27241
27247
27249
5949
5784
51733
5788
405753
27089
63976
1041
987
4487
25794
25793
3854
2353
7287
7284
57545
9451
57010
1896
1890
1892
1893
57492
958
4921
4920
4695
4694
4697
2131
950
953
2138
81846
57165
26119
6023
85365
5160
5162
5167
2643
54463
22943
90624
9210
22948
9217
9215
54862
56945
3420
3426
3425
6334
6335
6336
6337
6331
84168
6338
4851
6616
9076
10290
10456
57082
10102
3557
3551
3559
10585
10587
54919
6309
84300
2911
1798
11186
57511
2916
718
717
716
715
714
713
712
710
6305
7124
2178
5308
5309
79133
1062
84233
1666
1663
590
593
595
594
1080
6598
136647
4323
4322
3141
2821
493856
55650
196527
1409
79048
1406
79042
4214
4210
443
440
445
444
9842
9841
100151683
81620
23090
23093
23545
7704
38
7700
145873
31
37
36
35
34
641
1536
1535
1244
3094
649
3098
23141
91624
84892
23325
338
23321
55717
55714
11222
352909
7414
7415
1021
55157
3891
55151
56172
23431
374291
340024
23435
145258
843
23438
255928
5956
84947
4070
84942
4072
60386
3636
55975
7374
57716
6103
6102
6101
6100
2672
55572
23765
57539
153562
9440
3702
3703
50964
2121
4668
4669
948
4665
4914
85378
6916
200205
64087
80781
57152
9820
5172
10060
5176
54453
2652
2651
57449
2348
22931
132
22934
116085
121512
3418
7385
79867
4233
84662
6326
4868
10667
6323
84153
4860
4867
4864
10939
9060
60684
56246
10280
9662
10117
10111
84334
23322
7252
7253
22845
7259
4485
54928
10594
80324
80326
10599
10733
54704
701
7139
7138
88
7134
7137
5313
5314
8802
8803
1650
585
582
583
6584
8754
8200
23169
3155
11081
5406
3394
1438
1439
23554
4261
23556
1340
727857
6929
5236
6925
23086
11155
11154
11151
79581
79583
1503
30062
22954
25861
767
658
3082
80254
23334
8575
5894
5896
8573
11234
256764
8074
60681
25914
28952
91252
28956
28958
92211
7401
375298
402381
23424
23426
145226
51715
4000
84930
9895
9896
9897
326
51082
324
55703
65125
65250
3621
55768
81794
55967
4715
166379
57704
201294
57709
4719
51660
10940
3712
3077
3718
345193
6006
6007
6005
80224
2488
4901
4907
2653
2248
2244
64093
64094
2243
990
5148
10058
5146
5147
5145
7399
120
7535
7169
22926
87178
7084
7957
84140
22930
54840
56922
51594
2068
2798
6311
128674
10617
2064
2065
2066
2067
9094
9095
9091
9652
10128
9657
10342
10436
124404
22858
148789
22856
5091
5092
54938
5095
5096
9782
10345
9786
6821
54714
2937
54716
5322
5321
91137
27429
1644
1646
1643
1642
3795
8815
383
8813
8818
7381
579
11093
570
29940
3166
4361
3162
1161
1421
1420
1427
6249
7098
10841
731
730
733
732
735
147495
79641
23522
79644
23529
1352
79648
1356
1355
462
197131
4054
5551
51520
9860
51524
6487
91647
6329
1513
91869
23639
5889
23636
6555
123016
199857
5979
55172
170302
7476
10758
55605
201595
5972
6635
26580
51251
154881
51259
51091
355
7507
353
51099
7508
3981
359
6121
83394
4705
4704
4703
2324
2328
4709
288
283
56159
286
3766
3767
3769
9563
3561
265
269
268
6011
6010
6017
4643
2492
4646
4647
4644
4645
63925
63924
3242
63929
26160
2253
5158
57465
10734
57468
124583
57192
57190
111
22917
79809
116228
4803
2780
79803
4094
64446
57514
26012
9463
2073
2072
2071
152816
9469
2074
259266
10133
84706
64581
53630
9313
9640
3508
7273
22868
7274
7275
5083
3501
5081
5080
3507
2671
2673
9790
2677
2678
80347
6833
54768
84667
6834
4967
84668
5333
10555
5339
10559
3211
1636
1639
2904
8822
203286
8820
2815
2811
29958
2812
8772
29954
2819
8777
567
728294
3178
54361
7080
5429
5428
1188
1186
1187
5426
3373
1180
1181
727
84464
1749
720
721
729
23533
23530
6491
79659
114327
128338
4247
79650
7038
6949
6948
7039
8481
1298
1299
1292
1293
1291
1297
1294
8398
8557
9380
8092
5257
55163
5630
472
50939
471
25939
28755
28976
7466
3199
1369
