4286
10060
8425
3480
55857
762
79633
55180
2719
5190
22931
22930
8573
6121
5193
7227
54888
8546
5077
6497
8504
24
9839
5824
338917
4901
5828
668
80144
1947
158326
6249
4591
546
150468
55764
51185
6309
4117
10743
388662
9935
374654
5308
8481
3764
5148
138050
5147
5145
7399
2296
5995
1954
8626
128637
55650
23568
9179
2263
4038
3339
55714
126792
2260
2979
171023
6010
6023
84140
3039
6017
2316
2317
1063
259232
51
57709
2068
54928
3845
10594
5915
26160
1259
2314
2067
5158
79882
57728
57465
1123
10128
8443
9990
65250
55784
9573
4281
1717
346007
22858
10978
6663
79728
1855
526
10717
2176
2177
8738
2175
2073
2072
2178
11285
7439
1258
2074
85301
8514
583
3815
9524
7372
1501
3954
4621
10084
124512
10225
56776
9487
23418
64218
92935
4758
92335
1387
84720
7275
55120
4751
50964
57539
7140
23426
1406
3090
27315
10210
7403
23389
79791
9968
63901
284058
23325
3614
54345
9126
6591
9128
9129
7531
7468
9533
60529
3756
60
25782
10020
64220
9037
56623
1909
6925
3420
257
55812
129563
11154
9439
8492
93210
2563
79947
341640
5949
54968
388939
650
6101
2248
9409
1509
130557
8642
2239
375298
284098
23394
79644
63976
5961
56172
55869
29089
23431
2187
6100
9742
2245
25794
2189
2188
95
6487
5950
54806
7169
6102
2898
10847
84100
6295
5189
6094
5818
7991
28952
2752
26123
85358
26121
2697
92211
84464
7401
157570
26128
95681
9342
2737
7287
5885
10002
10082
139285
5295
51684
7136
5648
6949
22827
55975
83696
9227
768206
4613
92579
145226
5889
57492
51715
123016
2132
23020
2131
5195
5194
3340
10058
6103
5727
24148
5192
8085
5048
9897
51082
83990
675
8842
170302
10484
7476
23384
5160
79797
57697
10265
4094
112752
147372
55215
23545
8799
4920
71
10461
392255
8243
8241
8092
54862
6469
5591
10195
157657
5830
4853
78989
51259
80153
11253
3425
8643
9928
50939
7469
25836
3040
55670
7355
5116
7474
51317
3981
54903
6911
