90121
1301
54453
84623
2969
10060
23363
23594
2717
150094
2036
5982
79868
2664
6326
546
547
9569
3764
10522
5063
284111
673
139411
6154
9820
29123
3756
3643
6125
6229
6792
6016
6655
6654
4758
2799
5696
411
6605
6855
2902
144568
8036
6595
2904
4893
8239
9091
6709
6925
23261
4204
1859
116442
22854
26608
6664
526
5894
3845
81620
128178
11284
1013
5000
3745
7021
5277
100151683
285590
8450
9487
7592
23096
79751
92335
9949
10913
25977
348980
7102
5979
990
3265
9968
51741
26227
2290
8216
9031
9037
641339
175
6165
2200
347344
6597
6204
6598
26137
1501
186
6201
65109
7552
8289
4323
5781
1778
2623
23522
79644
113246
2775
2182
6611
1591
8573
6487
23236
11141
83987
6197
1759
84061
2517
8831
1741
6218
29968
9459
139285
6812
10369
23630
1893
57492
3832
24140
9791
6223
5922
1756
170302
81704
4313
55777
3984
9049
11043
3054
6138
4668
3785
3423
3425
6135
6334
7189
2006
83550
84168
6235
6234
7461
6231
4998
