374654
90121
10297
10290
9775
10516
51305
5824
4000
7841
5980
668
55764
8260
6309
51067
1798
139411
6154
7043
7042
55906
7048
57728
10195
2316
6655
6654
10806
1663
5913
375790
6597
6598
8239
55835
274
100506658
51114
526
2263
81620
2261
1103
8514
5000
80184
9841
100151683
23090
23545
8289
1848
84126
5828
285590
54888
127833
54880
23483
54499
5116
83879
3295
10020
8192
8945
8195
6204
6201
23395
7552
55151
6611
55788
6616
145258
23438
1621
5189
84942
5813
157570
56652
29968
7170
6899
4613
990
5922
89910
1756
29760
1278
1272
1277
8799
56975
11043
8242
8243
8241
170302
11160
7046
200205
8642
5176
1303
54453
22930
23594
60681
6576
6223
6473
6578
79868
7592
1376
10743
4867
6329
84634
1954
4038
3248
54928
3845
80324
9037
6855
57539
1062
7136
10978
6663
2798
6664
585
582
583
11154
1134
4620
4621
4625
4629
50814
2271
7140
26227
284058
23556
8050
23129
8504
9126
152330
5034
9244
6929
6928
641339
9871
8822
974
973
79583
4534
55315
9401
1501
652
186
9409
2623
7353
5894
8573
6138
860
10717
91252
84061
10491
6218
126792
6628
51715
24140
5195
5194
5190
5193
5192
3975
65250
207
112752
22995
7102
6866
3070
166379
6135
56262
5932
1140
1146
1144
1145
667
79633
8626
9200
161742
389549
546
545
64093
1312
5063
23767
5147
100144748
7169
9179
10682
2260
5592
11020
81031
128674
92482
10752
1387
2796
8443
3476
4281
2664
368
6870
157680
10225
6678
9394
4053
6774
51185
55636
8813
7403
9968
8818
3759
29940
3756
4633
25782
4638
116442
2200
2201
2563
129880
23096
7290
23522
23529
30008
7480
51524
11141
84100
6197
26123
85358
26040
2737
4088
5295
5290
147912
64324
5885
5728
123016
199857
875
5979
22954
4593
2033
7471
6229
7474
7476
10265
55212
54585
8085
5830
3543
51259
10084
55670
3981
54903
1789
6125
1962
285489
3040
5479
5277
4703
1073
54756
3762
3763
121340
55717
673
283489
8216
3643
3039
59
58
6016
6392
6390
6391
79738
26160
2253
538
144568
10324
57465
4893
10733
10046
5605
5604
57190
7979
9990
4204
6261
1855
57231
26012
421
9469
3814
65062
3265
23259
23314
3508
7273
51057
4297
3507
2673
23384
7546
117581
6605
6165
3054
5238
27241
347344
4747
5784
8820
5781
65109
2812
63976
91179
55869
2182
27445
84466
1749
158866
1741
6495
6497
9459
57545
139285
9451
8076
92579
3730
57492
4921
2138
25836
9496
29072
1292
1293
81848
1291
85365
3679
5167
113189
246329
6235
60675
26503
10371
6468
6231
23431
8481
10771
63895
6234
4854
4853
4998
6611
284058
8813
157680
