374654
90121
1301
1302
50485
23325
2719
84667
4920
23363
5925
10060
10940
285489
54888
3039
4222
5277
1836
9895
5980
699
1947
83452
6249
546
55764
3977
2245
10682
388662
6329
411
3835
3764
1312
675
57697
4853
673
1954
6154
9820
2263
8022
10683
3339
3756
55906
2260
2898
57728
6125
6399
7319
11020
6016
2990
2317
7317
259232
79848
2068
54928
3845
7476
23169
10806
6655
5913
2067
2778
144568
79882
4893
1123
124583
5605
5604
126792
4204
7136
9573
3476
1717
5922
6662
79728
7991
4125
80184
526
2799
2176
2177
8738
2175
2073
2072
2178
9469
51594
2074
55180
585
582
583
2201
9524
421
3955
4621
7020
100151683
124512
10225
26160
4352
7531
51057
55212
2273
55120
22861
79583
7140
27077
26229
2670
2972
6654
23389
3265
79791
9968
26227
579
23129
23322
9126
152330
79738
56776
5048
9244
54499
8216
60
22827
64221
8036
9037
79867
6925
176
4593
9321
6165
93587
27241
51025
8195
80776
6023
6204
79068
6201
57545
129880
5781
7290
2623
23522
2626
2812
23529
64132
64131
84572
4089
6138
701
55869
29089
7353
92482
2187
1020
226
2189
2188
1501
6487
7169
4683
10847
84100
54808
9184
867
4867
145873
83987
28952
9060
9439
26040
84464
157570
26128
6218
91869
29968
134701
2733
3636
4247
11253
57096
59341
4763
5885
83696
6899
5889
6135
10752
9759
51715
123016
3040
2239
91147
3340
5727
10082
22954
6223
9897
83990
51185
6229
7474
9427
57539
1855
23483
2720
112752
2879
55215
63895
56975
8492
71
118429
392255
8243
54585
54862
166379
1280
9702
3423
168667
51259
80153
161742
3425
5894
8481
25836
29123
6235
6234
4854
6231
2010
54903
6911
