4149
54949
6390
6391
6392
5979
55654
2271
6389
50484
2969
8622
7381
11232
7385
4149
6575
5982
79868
7592
5621
1371
6323
9569
84300
5063
3480
139411
6392
6390
6391
7345
135138
65018
79734
5159
8239
2908
5155
111
3145
6389
4204
5071
90624
5566
26608
2664
50940
27429
23096
54941
2271
54949
5573
1537
5979
291
9968
112476
6855
54499
9031
9037
641339
116442
3054
7915
347344
790955
1501
186
65109
7552
27089
1861
2182
23230
120892
7080
5428
11141
6197
55654
11133
84061
1741
56652
9459
1201
79798
5521
6622
5053
4519
24140
1813
10084
4784
1756
170302
773
57338
617
7102
11043
9213
11315
478
2332
8910
2006
477
2778
3984
7461
7466
54902
