55505
8626
2969
4572
4574
2138
7227
4578
5073
8546
5075
5982
3123
26277
3854
3852
3853
545
9569
760
1312
1308
2706
7399
1490
4567
7040
265
4564
152816
123041
4647
10804
2255
2067
2778
8036
8600
4322
6905
4558
51360
55135
26608
55131
51750
57511
421
2072
2261
51119
6303
2074
1235
3663
4541
4540
9313
23545
79955
6638
7421
4535
4952
84701
1001
54888
65057
9244
9031
5339
175
7015
7012
857
4538
3691
1736
9401
2263
84059
25861
7290
249
2812
23529
10312
64135
2588
7353
9622
1991
5184
1186
256764
55612
5818
55651
2697
1747
4575
1513
3868
1161
29887
3861
79650
3909
6899
5728
4692
4512
4513
80169
5727
4514
2033
324
162514
89910
10484
3872
1294
4312
3914
207
2720
3918
23586
8643
26504
1281
1289
79228
8481
2006
3984
7461
3981
51684
