7227
3040
79868
80144
7592
545
10743
4867
5063
139411
3039
11020
1062
57231
129880
10806
50814
6855
8239
2773
124583
1906
55835
4204
22995
1717
1855
51114
2664
79738
10269
2263
2260
2077
585
582
583
80184
92482
26160
23314
23096
51057
84126
8815
9968
54880
29940
5332
1909
641339
116442
2200
27241
347344
8195
341640
186
65109
7552
113246
64131
166379
10733
2182
6611
8260
11141
84100
5424
5189
6197
2697
26040
84061
1741
55209
5116
9459
139285
5648
1387
23426
4920
24140
4000
875
5190
22954
9895
4591
1756
170302
7474
55212
113189
7102
123016
11043
3054
54585
91179
5351
78989
10771
5932
4854
54903
