1146
668
55180
57688
285489
5077
1947
6249
546
55764
388662
9935
5308
1312
673
1954
8626
51684
2263
57728
29123
11285
26005
92002
10752
5913
6591
79882
4893
29940
55733
5605
5604
126792
4281
4286
6663
7991
6197
8738
421
3845
2260
2261
2077
9524
4621
7020
3265
124512
23259
2255
54941
51185
23384
23389
9419
23325
54888
9126
152330
117581
56776
60529
60
9343
1908
79791
2200
8492
2110
7290
7291
2812
113246
56172
55869
7353
1910
6487
2898
10847
2109
2108
9439
2697
5813
26128
6497
2737
10000
5296
1289
2296
5295
5885
83696
6899
51715
2132
3340
5727
4593
25836
89910
57539
894
112752
113189
85440
246329
71
8243
54862
1281
4853
80153
11253
8643
8481
284252
170692
51317
3981
