9076
5172
80169
5191
8626
4308
55612
345193
55505
5073
538
60401
3123
7051
26277
643418
55764
6011
165918
2916
2707
673
1490
3561
3643
2260
57728
6010
5264
7319
7253
22845
6658
6657
3845
412
80326
50814
2067
5158
5015
1235
5605
3141
60506
51360
26154
6785
3575
55135
5317
51750
1019
2072
89884
128178
127534
6303
2074
8517
64421
3663
9526
2767
100151683
242
100
23545
846
11005
55636
55630
5626
50506
284058
54888
2779
117581
65057
93589
5116
440435
7015
7012
857
9401
1736
9187
8820
5781
1032
1030
405753
10913
3832
5894
5896
5897
5604
6528
224
5429
5184
1482
19
6295
79932
1029
55651
25913
2697
2517
128674
2736
348938
1161
79650
57010
7038
59344
7173
1896
5053
389434
8481
7200
57654
9896
6023
57539
112752
126410
778
5449
4668
4157
7068
7067
7189
64127
7849
686
4853
3981
