79728
83990
55120
675
57697
2189
2175
673
29089
4763
84464
2176
2177
55215
2072
2187
5894
5889
2188
2178
5781
50485
2956
4149
5980
699
161742
545
10058
675
57697
100144748
673
9702
6392
6390
1062
3845
1387
147138
2778
6591
283120
6391
55240
5395
6598
701
5605
5604
55835
6389
22995
4286
6663
79728
7249
7248
2176
2177
2175
2072
2178
23095
2271
55120
4292
641
5979
9968
7428
23129
117581
8216
4436
9401
5781
1030
1031
10733
197131
29089
2187
4771
84126
2189
2188
1027
1026
4683
9184
867
54949
84464
55654
157570
7403
5116
5290
11322
4763
5889
5728
51004
83990
207
4254
55215
8242
8085
472
5932
5894
4221
22995
51004
84126
6598
1062
5116
10733
8216
55835
5932
4771
545
