1140
54862
1144
1145
84623
2719
23363
285489
4038
5077
79158
2036
79868
1778
6249
4983
547
8905
10743
388662
6329
10522
3832
5144
100144748
673
139411
55650
9820
9179
2263
5468
3643
2260
5308
6392
7737
6390
6391
2068
2146
6535
1013
2314
5913
2067
6855
2902
79882
2904
136647
8239
641339
25886
51684
11133
6901
4204
7136
1859
375790
4041
4094
7991
4125
51114
2664
10717
8738
2072
2071
2077
2074
55180
9524
1134
4621
285590
4626
124512
9487
23096
54941
760
4810
84720
79813
51185
5573
7102
10907
27315
4952
9968
83550
2778
23325
54888
117581
56776
2290
2296
7592
10555
6928
6925
176
175
116442
9459
11154
857
92344
8492
93210
9401
186
5781
4089
65109
7552
404672
8600
2239
10312
56172
2588
55869
2182
23431
4054
5894
347344
9791
3172
6487
7169
2898
11141
1186
26580
54808
83987
6197
9439
2697
2353
84061
8831
1741
79791
1161
29887
7140
284098
5290
11253
64324
10369
83696
10479
5728
56975
5063
24140
10084
3340
5727
4593
8924
3975
29072
1756
170302
81704
55777
207
2720
23389
9049
11043
54345
8242
3054
50964
7337
2332
51256
5831
3423
80153
6611
3425
284252
84168
10297
8643
7040
