90121
1301
1302
1145
79633
10060
6125
51119
23594
5745
285489
60681
5479
55112
1836
1144
4593
79868
7592
55764
6329
57728
3764
990
5063
121340
3930
139411
6154
1756
4038
3339
55906
81620
171023
1140
6229
2316
2317
7317
5176
23169
26160
89891
5913
538
6855
1278
375790
10324
8239
124583
55733
126792
4204
3675
79809
6662
116442
51114
2664
2263
64175
2261
11285
5000
1134
6576
6678
23096
846
4750
26229
10491
649
9968
153241
57560
127833
54880
54499
641339
9321
6165
9459
2200
51025
347344
26137
6204
55315
186
6201
65109
7552
55151
8600
2623
10312
147372
2182
6616
9742
8260
11141
1186
860
6197
1103
84061
1741
1513
6218
6497
5116
132884
79659
29887
3636
59341
10479
24140
4000
6023
871
6223
7471
170302
10484
64131
57539
112752
2879
1277
7102
11043
72
3054
2121
6138
1280
8642
3549
6135
90993
6235
6234
6231
4998
