4041
50964
374654
84623
131118
10102
285362
5824
5828
8869
10585
8905
2073
7040
343035
5961
89884
79133
10195
6792
6658
6657
2077
1062
57724
84233
51601
2074
136647
8600
1123
271
55835
4558
6389
583
493856
80207
26090
2263
2260
2261
1406
1013
8517
8514
57572
443
9526
2767
8518
122961
100151683
103
23545
84126
123263
25977
348980
5573
167691
84892
10413
23322
65057
2736
11128
7345
10382
285203
22978
3516
84197
56172
10560
374291
9742
64093
5189
256297
84942
55651
8831
56652
60386
29887
55975
6899
768206
644096
5354
10059
91147
26191
6103
6102
6101
6100
55572
1759
89910
27229
617
4256
8799
11041
51057
8243
5538
4508
4668
1282
84987
85378
64127
200205
23020
686
25836
2717
114548
23590
22930
8050
22934
10342
5076
24
79867
5626
79868
6094
6326
4982
6323
25821
80025
10522
3832
55624
5995
1954
28982
4038
84334
3845
10594
346007
2902
259232
2904
4729
4728
4724
4720
4723
4722
51750
51204
64840
11284
5105
10617
3745
4549
4541
4540
79581
79751
2271
57582
29926
29925
10908
79947
8504
9126
1340
9129
9533
4948
5660
6925
5949
8241
4538
4539
79583
79944
4535
4536
4537
55315
9401
1501
652
9409
189
2624
54567
7353
8573
9128
23236
138050
404672
79650
28952
4704
55149
2697
28958
92211
7401
157657
6812
145226
51715
5195
5194
1967
64802
24148
5192
9897
55703
8842
51816
22995
2979
80704
392255
55967
7473
5449
57709
4719
5932
79152
4571
4572
215
4574
4575
4577
4578
4901
26277
546
547
545
549
1462
1312
5148
284111
5144
5145
7399
50964
23568
10682
64374
7084
22931
84140
51594
2068
6310
410
6314
4976
2067
9091
113278
9657
5073
51360
148789
22856
7249
7248
80184
7439
157680
150094
91137
145173
23418
388939
4751
55636
8813
27077
51741
8818
3614
5116
79797
25782
3000
55812
2563
80776
6687
7290
7291
2581
7299
10312
1355
7841
128637
84100
6295
2896
6197
26121
26040
9342
2737
91942
10002
54476
5290
57096
256471
10369
5885
9227
23636
5728
123016
875
10210
79848
2036
4594
729920
170302
3912
201595
10461
8086
51151
51256
4157
5830
51259
1605
55777
55670
54903
9927
55505
55857
762
760
4564
1786
5190
6121
5193
83636
4705
79147
1778
1678
3769
57165
673
4567
4566
137682
150468
6010
29123
6017
6392
6390
51
50
4644
2395
26160
2778
5158
5015
57465
10329
57468
10733
2776
5605
5604
4208
6452
9997
1859
116228
55135
23746
57514
421
2072
2071
7737
1258
1259
10134
9723
3954
4117
9640
64218
130557
846
22868
7275
5080
8893
8892
8891
8890
7545
6834
9037
221927
7015
7012
1736
8820
9215
27125
375298
2812
63976
29954
2775
55869
3073
2187
25794
100131801
27445
5428
57192
1186
2218
128674
6497
7287
1161
57545
1201
1892
6341
4693
4519
4695
4697
50939
4512
4513
80169
4514
4784
7468
57167
1352
9420
81704
5160
8398
4990
2720
1717
26504
4041
1806
91574
3785
3423
3420
5631
6334
8481
7469
471
84168
63895
478
7466
4851
