5172
1302
114548
53405
51473
10518
4574
5456
51475
4578
163183
1678
407053
7809
2707
2706
79977
64072
4564
87178
4233
283310
23562
246213
494513
51168
4640
4641
4646
4647
5269
259236
10804
4976
4575
57465
4558
374462
9381
83715
5962
2070
389207
81624
643226
65217
4549
2103
64699
117531
4359
4627
4541
4540
107
1729
161497
51106
56616
126326
9414
1428
125336
152137
222662
4538
2059
4535
25861
3082
9132
375611
29899
286676
286262
7840
7007
53904
3371
2697
84189
6495
4572
146183
9455
9750
3735
5459
11078
340990
4512
4513
4514
10083
54084
1690
388551
84173
253827
79784
153562
55687
71
220074
22953
9885
1687
4567
478
7466
