374654
10060
8425
100506658
79867
699
26276
1376
6309
163786
3832
675
57697
9662
27077
9702
1062
2068
63925
10617
55755
2074
1663
5859
2067
701
55835
10436
22995
84879
79728
2176
2177
2175
2073
2072
2178
79042
80184
80185
440
100151683
4256
51057
84126
55120
23141
54888
23322
5116
10300
2737
27229
259266
79583
80776
1509
54820
23522
545
10733
29089
2187
57082
1911
2189
2188
57096
1021
4683
860
54808
84942
80746
84464
26040
284403
26128
29968
6491
57545
5649
9184
60386
5889
79840
91147
79848
83990
5932
79648
55215
283989
80254
1804
51259
85378
9928
51091
26227
63894
3981
54903
