1140
6391
1144
1145
79633
760
2719
55612
6654
285489
4038
5075
1545
5982
80144
2248
545
9569
10743
6329
2969
5144
100144748
50964
7042
10117
5308
6016
2316
7314
6390
123041
6392
5332
3845
54880
80326
1387
6655
5913
2067
2778
144568
1062
7227
4893
2773
10733
5605
5604
55835
22995
375790
4041
26608
1855
4125
2072
64840
2074
9723
1134
285590
444
84126
5080
5573
55636
4952
51109
9734
9533
2736
8216
258
9031
9037
1906
5130
2200
3694
341640
1501
5781
2263
23522
8772
5894
8260
860
6197
91252
85358
2697
7403
6497
5116
1161
4088
139285
5295
5290
6949
2296
23426
5728
4920
5727
2138
4593
2033
51082
5922
7474
286077
3914
10265
207
2972
673
2239
8085
4853
8481
2006
5932
3984
7461
8642
79228
3914
7314
2773
3694
258
5332
9037
1906
10117
1501
