115761
595
7157
472
3500
25913
4066
4026
27286
4023
5982
5980
5987
345
407975
4117
51062
6154
6794
6792
2318
2316
2317
2314
2312
51604
291
3777
3778
270
274
4653
80207
85320
81622
2263
2260
2261
51119
389207
81624
3690
102
103
107
4810
2040
79813
2048
727897
9414
57057
10891
10142
10413
10144
54551
9639
9343
10382
10381
9631
3159
84699
285203
8945
7516
3516
6204
2688
6201
84059
6208
346171
5290
9742
10564
90
93
94
1991
9187
256297
3209
3858
8831
554
551
79001
5459
7078
5450
7072
54084
1759
1756
29760
79628
23509
79621
4254
1285
1284
1287
1286
1281
1280
1282
1813
1289
1288
7189
79719
7187
51473
283652
51475
627
7456
7454
7450
6575
5627
5626
6578
5624
2743
5621
8493
401
1376
3835
3832
4595
338328
5995
5994
5993
4038
3796
6657
51079
55750
55240
65266
128866
6785
6786
2301
2303
2304
11281
11280
23085
11284
3748
3745
3741
4621
55800
117531
4625
4626
4627
4629
249
2274
2271
63901
406960
9241
9533
9531
7852
121391
56916
176
174
2052
4538
2057
2059
3691
4537
3694
7353
57061
54567
138050
2697
90678
2693
6218
6812
9750
3236
1969
1964
10087
1610
10083
118813
8842
3350
54345
146862
5449
7068
7067
7066
5446
5445
5444
1763
1760
1761
115650
83605
1140
1141
8629
1144
1145
8625
8626
8622
123606
5506
1544
1545
1543
1540
1548
50717
29119
547
545
29110
29978
1785
8028
3785
9987
8021
283310
5618
6569
3048
343641
6566
7681
25953
1387
1380
23461
55325
23261
3043
4286
4287
4284
9152
368
367
51592
362
65217
6774
10984
6772
9966
3759
3753
3752
60482
3757
3756
4633
2192
4634
4638
55811
55812
2200
2201
2202
64581
57674
6689
63910
6683
6687
7849
120892
7846
4838
84100
4830
4763
26040
2516
2512
2736
2737
6628
5296
5295
10161
57096
64327
64324
10369
9180
64321
5054
26022
6622
163183
6223
6224
6229
387700
4330
7337
3229
157657
646960
808
4001
801
7168
805
53405
3321
10210
285489
3329
5479
5274
5277
347733
7050
7056
1778
3972
54756
3975
6997
7291
5518
29123
3039
59
58
1559
54
2995
25894
7345
144568
8036
8031
1908
5605
5604
5602
9992
9997
6519
51816
55135
6513
6515
429
421
1392
427
3814
3815
23495
127534
65062
2539
23250
8452
4297
4291
4292
23385
23384
23389
7545
7546
6165
8030
84818
4747
4744
9971
57798
3475
64135
55869
286262
4607
4604
4602
220
2218
140628
6690
6697
201973
6340
340719
80169
26058
26053
200576
81704
317719
57338
60675
9197
5048
22827
10370
10371
3783
1804
3786
3784
1800
8996
9517
9516
4990
63895
6234
6231
90121
26608
84623
246213
10518
10512
10516
8864
162514
255738
54507
811
3207
7045
7046
1495
7043
7042
5468
7049
203228
10194
5269
375790
1123
147409
11136
3026
79728
2984
526
1019
29914
83715
282809
8516
8517
8048
4193
4359
4352
8289
11005
25977
25978
6507
23064
65057
3800
65055
8462
93589
50514
7555
50511
3082
84823
4771
55780
389421
4179
201163
9940
55651
55654
5817
56652
4618
238
10804
4613
4615
5148
26191
5149
5925
5921
5922
253827
7399
4507
286676
26060
7809
343637
64127
64072
2535
9368
9364
2719
10699
5078
7227
5073
5071
8989
5077
10345
5075
1832
1837
1834
146057
3791
9562
9563
2153
10747
9569
931
930
10743
1690
54209
54205
84634
10528
1950
1959
3248
8878
203859
346007
1482
5498
54332
7039
9573
9381
3050
6310
1139
1137
1135
1134
4976
79751
79755
161497
2796
7140
23129
629
23126
79574
79577
5663
7148
6530
5664
5669
4340
129563
7490
25981
2
375611
3872
11330
136371
23236
16
19
27032
27030
91662
23345
4760
23347
84839
81545
64802
284252
9950
207
124093
208
79991
392255
2235
23025
56262
81494
57688
4574
7248
3651
2521
223117
389549
26277
114548
2707
2706
100144748
2700
2703
2702
79977
1829
1828
1824
1822
2147
2146
6253
10752
53947
57644
10535
5395
9719
3273
83959
7369
84282
22999
84733
128178
54716
7021
7020
7025
3315
388939
137814
785
9394
781
783
5244
83394
83552
112476
83550
151
60
3000
1371
1588
7157
7153
1584
1585
57545
1032
1030
1031
631
23299
339453
6521
6524
6529
2896
1106
1453
3868
4088
4089
3861
3860
6597
3735
23224
5728
51004
5727
50846
286077
3914
3910
55214
8314
6731
6736
8313
4790
4791
4792
8085
220074
5832
4157
11277
6833
9927
116369
55505
212
55857
64788
55690
6647
6640
158326
5903
25778
51778
57531
121340
3481
3480
3482
3643
6399
2554
6392
6390
6391
26249
2778
2779
5015
24148
4893
2771
80199
2773
2774
2775
2776
9499
7979
94137
9493
9496
1859
6262
6261
1855
916
9722
9723
1420
3265
1938
64218
846
845
843
841
440275
53335
112802
125336
152137
9031
7015
7012
7010
54795
54790
1733
1736
375298
26160
29899
6886
79188
1591
3075
3077
3078
2956
5346
1026
79776
7161
1029
1028
79797
4361
6144
79798
8076
5649
59341
8106
59345
5645
5644
30813
11078
3105
1441
29072
2006
90993
4093
4091
23746
50940
23218
6235
8419
4047
488
486
11315
6468
6469
7584
4853
25836
84876
7480
374654
3921
387733
8301
4784
51305
4149
4148
8091
51308
4143
3857
3854
3852
3853
3850
3851
9935
3859
6092
343035
6094
494513
6658
51168
6655
6654
6653
259236
55997
5915
10801
5913
81839
63982
190
3679
60506
3673
3670
6389
3674
64175
64170
5002
64423
57572
80184
2767
1848
348980
4308
4624
2161
2160
167691
55806
2617
2619
64220
3299
5139
1906
3290
10020
10021
222662
857
3458
3459
859
84570
57094
10243
7003
7007
3973
132884
79092
7175
3060
7170
3064
6899
768206
5889
1050
5888
1056
5350
83990
89910
388551
29851
1278
79784
4318
611
1277
8243
8792
84433
3119
3110
340990
1471
23020
8647
8642
8643
7040
1300
1301
1302
1303
50484
23209
1308
105259599
5741
23592
5744
5745
1499
4221
4222
24
25
9839
5582
5580
6473
5589
152330
10654
6845
3930
374393
9247
6716
6712
729238
6710
4137
3845
65018
3849
3848
5307
84976
4040
4041
4043
6662
6663
6664
10878
51750
5961
5962
5967
3664
3663
56983
64699
4541
166336
57582
2571
56616
57216
3592
8312
9126
3594
9128
9129
5034
5032
4436
975
974
973
79947
182
7048
6041
6049
2115
2623
2626
2627
2624
2625
2629
390594
10019
1910
26585
54805
861
860
865
867
866
4593
2022
84189
10491
1729
4010
146183
889
5216
10472
9051
9885
22891
8929
8928
775
774
776
771
351
773
779
778
112755
2978
2979
72
71
70
6866
3053
6862
1041
1048
5108
219736
3982
1687
4306
668
1261
1260
3123
161742
1462
1316
1312
1311
284111
23767
8438
79443
50964
6915
6916
6910
6911
6440
6441
4233
23562
5592
23162
25814
1013
55737
6709
6708
8328
5157
8322
51360
7431
7439
23414
6678
4054
4053
51185
5979
5972
51741
3614
3617
60528
2296
440435
6938
2563
2562
2566
10913
56606
27329
7290
128338
7292
7299
10312
1861
3728
53904
4683
6299
6297
6295
26121
2103
10000
10002
26610
10008
147912
9227
22953
871
2741
2036
2035
2034
2033
4597
2746
10481
4598
84173
2038
10262
894
10269
9049
5205
10461
54583
3543
400916
3549
282996
8912
8910
54904
5396
3239
762
2969
112744
1786
724066
7112
1962
3040
6875
3045
3047
6870
57822
115761
5378
5376
1071
84225
1674
675
672
673
117144
171023
1419
1410
1411
1412
1413
1414
1415
1417
4641
4646
4647
6452
6455
6901
6900
6908
374462
5566
23171
89884
1258
1259
643226
100288687
3954
148022
23317
130557
653509
51422
126326
7424
149998
7421
7428
10049
117581
220296
23405
6605
200879
4066
4069
5949
27086
5781
63976
10046
25794
25793
7283
7287
64419
9455
9103
57010
3736
1896
3730
57492
4693
4920
2132
2131
2138
93986
57167
57165
81848
85366
85365
5167
2643
2645
9213
9211
9217
125972
3420
3426
6334
6335
6336
6337
6330
6331
84168
4854
6338
4851
4582
10297
80331
10587
1798
2916
718
717
716
715
714
713
712
710
6843
7124
407053
5308
5309
81027
9469
10847
1066
6591
283120
595
1080
6598
4322
3145
1409
1406
4214
4210
440
6935
23090
23093
23095
5573
640
3090
644
649
91624
338
335
337
55717
55714
7414
7415
3892
3891
55151
116519
56172
3242
340024
23435
344018
5950
5957
5956
5959
7275
4072
5083
5792
3630
55975
57716
6103
2673
6101
6100
9790
10939
23765
153562
9445
57534
3708
3709
1889
2121
2120
3371
948
4916
4914
4915
6444
57158
9821
2224
23568
5173
5172
10060
2658
9200
2652
2651
9209
6102
7389
149775
116085
3418
6327
6326
6324
6323
10661
9681
6329
9064
10117
10111
7251
7253
22845
4487
4481
10594
80326
4488
2903
2902
123041
2904
2908
7139
88
7132
87
7137
7136
5318
5313
5311
5310
8805
146227
583
580
8754
8200
11081
1436
114902
91039
284058
23554
4261
8074
727857
6929
6928
6925
6927
6926
9871
11155
79583
5546
657
30062
652
650
25861
658
659
729582
8379
5892
5894
8573
11231
11232
11235
3887
11200
3889
60681
25913
92211
55145
7401
7403
26353
402381
145226
6620
4000
84930
51086
9896
9897
326
51082
324
65125
81790
81794
6138
78987
2335
57709
6135
3717
57526
345193
4477
5176
6005
4901
4902
2483
2248
2245
64094
2243
10059
10058
5146
2657
5144
5145
999
1027
57459
120
7169
22926
84146
84140
7531
4878
2798
6311
128674
6314
6315
2064
2066
9094
9096
9091
9657
10342
124404
5076
22852
3570
7249
8988
9780
9782
153201
7373
2668
54714
2934
5327
5324
5325
91137
27429
5328
3798
338917
1839
8742
8216
1421
10664
7092
114327
1427
1428
3500
7098
23418
4869
147495
23522
1357
462
84153
5551
51524
6487
11146
123624
4751
1512
8565
5885
23189
27184
133396
123016
199857
55636
25923
3181
7471
170302
7474
10758
55605
114798
6635
26580
4018
286887
51259
356
355
55777
3984
359
6125
6121
28514
2322
150094
2324
283
56159
287
286
3762
3764
8675
3767
3769
60529
6011
6010
6017
6016
4640
2492
2495
258
10522
135138
2259
7314
2255
2254
2253
2250
5159
5158
57465
57468
5155
987
984
5156
57190
111
7871
7879
2780
4094
57514
26012
2070
2077
6303
10133
53630
7273
7276
23586
54949
22861
5080
3507
2670
9791
2672
84665
5333
5332
5336
5339
10558
1630
1634
3211
1981
1639
8822
8820
2815
2811
2812
8772
728294
3178
54361
3172
7080
87178
5428
1186
5424
1180
1181
726
1749
720
721
1747
6495
6497
6496
23534
9132
79650
79651
51684
5521
6949
8481
11178
7469
7134
1298
1299
1292
1293
1290
1291
1296
1297
1294
477
8557
7461
5630
472
50939
3195
7468
25939
478
7466
3199
50937
1387
6208
5077
344018
4214
2626
6662
7490
190
50846
23414
3973
6736
84733
2245
2516
1761
51741
6845
120
23189
2571
