374654
84623
8573
22931
22930
23592
7227
150094
79867
8091
2036
5626
699
1778
6487
9091
6326
4983
10585
547
8905
10743
388662
9786
10059
284111
56623
1013
55624
3785
27077
6792
9702
25977
5591
2261
7319
5594
2314
81704
2068
2255
1387
57038
10801
2067
2902
79882
5015
2904
10329
1123
701
55733
1399
6709
6925
4208
6901
2892
4204
8322
1859
9915
4041
6786
22854
80184
8738
79600
2073
2072
89884
200894
11284
55180
2074
2200
8514
4212
9524
80185
3745
65062
4621
5277
285590
124512
23090
79751
84295
6774
348980
79583
4952
9401
51741
23554
23325
54888
23322
56776
2290
6497
25782
219844
178
5339
129563
84197
92344
6249
3691
2563
26137
182
8820
79184
2263
4089
54862
5295
2626
63976
29954
5449
2775
55869
145258
51524
7840
1917
23236
54806
128637
2898
25886
10847
2218
6905
4867
7991
85358
9439
2697
8831
148789
95681
2736
51185
79791
57545
6812
5290
9184
10369
83696
5528
10479
9759
10522
4693
2131
91147
3340
79848
9839
1282
1759
729920
170302
1289
79797
23389
65250
613
84892
79147
8492
11041
8242
9215
7337
2332
1281
5831
51259
1605
11253
79228
6334
55777
63895
80153
54903
