9533
55714
6949
64220
23426
9573
10058
80144
5727
341640
5950
51082
2073
2074
6469
392255
338917
2068
26022
5915
83552
2067
374654
668
2651
79848
22931
22930
54888
5932
5076
79147
79867
8092
51524
5980
80144
158326
10585
545
64093
4867
51082
57697
729920
5950
675
2175
2703
55624
51684
6913
10682
55714
6496
2178
64840
11023
6657
1062
29968
2068
80776
5915
1412
27229
2253
85378
2067
146167
5015
10329
55636
10733
55835
84942
3149
8322
9573
22995
84976
4041
148789
2301
79728
1409
57514
2176
2177
9786
79600
2073
2072
2071
200894
7439
2074
8517
9723
57572
80184
65062
7020
23090
338917
4810
84126
55120
1414
1415
54539
220202
4952
29925
55750
83552
646960
26227
23554
1349
23129
23322
54880
79797
2619
7546
60
25782
219844
64220
56623
3166
257
1421
1420
285203
1413
79583
7050
30062
341640
84197
9401
652
4089
6469
29954
54567
29089
51057
2187
3516
10013
2189
2188
8260
220
4838
54806
128637
2218
27077
84464
26123
2697
157570
95681
2736
2737
1161
10413
57545
5290
9533
57096
6949
5889
11041
23426
7837
4693
26022
10084
91147
10058
5727
203068
57167
83990
5147
7473
8928
6997
65250
63901
4094
84892
55215
54101
28514
71
392255
3052
9215
1806
1282
51259
1605
8643
8481
54903
4990
63895
5116
3981
4851
50937
