5824
5830
8799
5195
5828
5189
5190
5193
5192
60
55670
71
5194
2697
9409
8504
1789
10060
26608
1146
1301
1144
668
79633
2719
2969
84627
5190
22930
8573
79848
6664
54888
7381
7385
9839
5825
5824
5982
5828
5980
699
161742
26275
546
9569
55764
79158
6309
84300
4867
6329
286
23600
1312
3832
5147
5144
79600
4853
673
283489
1954
63895
10682
9702
9361
2178
57728
10195
23322
3039
6016
7737
6655
6654
51
11107
2068
2146
9031
3845
79823
10752
50814
1663
10801
5913
7468
1278
144568
8036
6597
4893
55636
124583
5605
3984
51684
84942
126792
5495
2334
4204
9723
6519
90624
5922
1718
79728
1855
4125
50945
57231
2176
2177
9786
2175
421
2072
2071
200894
11285
51594
8516
1139
81857
80184
65062
1501
1134
4621
9841
55112
3265
2260
23090
3954
9487
23545
8289
1387
7148
3507
55120
89891
4297
51185
5573
5859
1537
3090
8504
23384
27077
57167
9968
10908
9496
284058
23556
8050
23129
71
57560
23461
152330
117581
2290
60529
54499
8216
60
25782
6605
2737
6929
6928
56623
10225
83879
3295
5979
257
10020
129563
974
973
79583
2563
790955
6598
9401
7531
5781
650
136647
9409
404672
8642
26235
7290
2623
9509
2626
84464
2624
2812
63976
64131
55788
147372
9184
701
3070
29089
7353
9581
2187
2245
226
2189
2188
51524
26281
51660
374654
54806
79867
5604
5189
10082
64324
867
6197
83479
26123
85358
7994
2697
27089
158866
95681
6497
9343
79659
6492
57545
139285
5295
5290
5648
4763
1717
6628
10472
6899
3764
4613
8514
5889
57492
56262
51715
4920
2132
5351
5195
91147
10087
5727
5193
5192
5925
9896
25836
3975
6909
83990
675
89910
2006
1290
6023
7474
29760
7476
57539
1917
1962
57697
65250
112752
55215
617
1277
8799
23522
4519
54345
5048
8243
26503
2239
80781
1281
5830
3543
10084
168667
78989
51259
1289
3040
8643
3756
8481
7469
284252
9037
5194
55670
5894
7461
4854
51317
3981
54903
54902
5824
5830
668
5195
5828
78989
5189
5190
5193
5192
5648
8799
5194
55670
9409
8504
