10060
668
84623
23592
55690
4784
5077
7385
8091
79868
2664
158326
6249
2248
547
84300
10743
55180
10522
5063
139411
3756
6448
171023
7319
2314
2799
10752
6855
2902
79882
2904
8239
1139
6925
4204
1859
7381
90624
22856
6663
526
8738
2260
1013
8514
3815
9524
80185
124512
23096
6591
79813
4297
51185
7102
1537
23389
9968
10908
7546
23325
54888
9126
23461
152330
56776
54499
7592
1908
641339
116442
10020
347344
8492
2563
790955
26137
186
65109
7552
27089
63976
64131
23133
124583
55869
2182
1910
6487
6888
138050
4286
2898
11141
388662
5818
7991
6197
9439
26040
84061
8831
1741
26128
55209
6497
1778
79791
9459
10369
5885
83696
4519
24140
3340
10087
2036
25836
1756
170302
81704
617
9049
11043
8243
3054
54862
4669
80153
11253
10771
83550
55777
50937
4853
54902
