374654
55180
22931
22930
23592
498
83932
5077
79867
8091
51114
51524
6249
545
4867
8738
56623
421
8626
27077
3339
150468
5594
11020
1063
1062
2068
79738
63925
129880
10806
50814
57038
2067
79882
10733
1399
55835
7979
3476
6663
80184
10752
9786
79600
2073
92482
200894
2074
585
582
583
4212
9524
9439
65062
64756
157680
4621
124512
23090
26160
23314
51057
84126
79583
10907
23384
23389
9968
514
54820
72
23325
54888
23322
9126
152330
56776
54880
25782
5116
1908
27241
8945
8195
80067
9401
1749
57545
65109
7290
54862
23522
2812
4089
55869
7353
4810
7480
8573
1910
8260
6487
54806
128637
2898
91647
84100
388662
7991
26123
7994
26128
95681
9342
51185
79791
6492
4247
5649
5648
5885
83696
6899
1312
123016
91147
3340
79848
22954
5925
25836
5147
170302
10484
10262
65250
55212
613
22995
8492
54345
8242
8243
54585
6468
166379
2334
78989
51259
80153
11253
8481
471
5932
284058
54903
