1140
1144
1145
10297
2969
23325
22931
22930
285489
5075
55112
57560
5982
79868
2664
5373
6249
4983
9569
388662
6329
5063
3758
673
128637
83696
2263
4038
3756
3643
55690
4683
57728
6023
29123
2316
7317
259232
2068
2146
81031
9031
5696
26160
89891
6567
5913
6855
79882
7227
136647
8239
55733
5605
25885
84942
6901
9990
4204
3675
79809
6519
51360
375790
26608
4125
5314
526
8738
186
3845
2071
7737
55180
9723
9524
80185
440
1134
84295
124512
84061
23096
4810
25974
80055
51185
55636
7403
23389
9968
54820
284058
7546
23556
54888
9126
56776
2736
7592
25782
8036
79823
641339
116442
3054
9459
347344
8492
182
26137
652
65109
7552
404672
2332
55869
2182
9581
9742
8573
5604
9791
8260
6487
27445
2898
6299
11141
867
5818
7991
6197
85358
9439
84188
254065
1741
26128
9342
29968
79791
79659
6492
4247
5295
64324
5885
5495
10479
4693
6557
24140
2131
10084
3340
5727
2138
4593
25836
29072
1756
170302
7476
50945
5728
4256
63895
7102
11043
8242
8243
153241
54862
8085
91179
10195
5832
80153
11253
139411
2006
26227
3984
7461
1193
23556
