374654
5176
79633
84623
2969
60681
5479
51305
79867
5982
1778
546
547
545
9569
4867
10522
56623
673
9179
27077
171023
29123
6567
1062
3845
27229
57038
51604
2902
2904
4893
10733
5605
57192
55835
9990
1859
22995
1717
26608
6309
9786
79600
64175
200894
51594
1013
4212
80184
65062
3265
23090
84126
5859
649
100151683
7546
23556
23322
9126
54499
54551
9031
10225
6925
11154
79583
2626
55869
23431
51524
54806
5604
10717
26123
7994
26040
8831
10491
95681
5116
57545
139285
10369
5885
5528
85440
4692
91147
79848
871
2036
25836
5147
7471
81704
90993
1278
65250
1277
6638
22827
8243
51259
85378
8481
79158
2006
5932
55777
3984
7461
8642
3981
54903
