338917
5950
6469
6297
5080
55714
9573
64220
392255
10058
4222
374654
2651
79848
51082
4222
6870
79147
79867
8260
7050
389549
9897
10585
55717
4867
286
10058
23767
56623
6997
2700
2703
55624
10195
51684
4036
27077
200894
6657
9573
2316
2798
3845
5147
220202
1412
1413
1414
1415
55750
4893
2776
4838
8322
3476
84976
1717
4284
148789
11041
6663
7249
7248
1409
26012
7431
9786
79600
128674
2260
64840
2077
9723
3814
80184
65062
3954
9839
3265
23090
157680
338917
51057
54880
2253
5080
54539
55636
7020
29926
10908
7546
28514
84892
1349
54888
23322
84634
23126
9533
2619
55714
60
64220
145173
1421
1420
79583
80776
84197
8822
10329
8820
652
2263
2248
9215
54756
79644
8772
113246
29954
1848
9394
51524
5950
54806
6299
6297
2218
2796
28952
26123
26128
95681
2736
6496
10413
57545
57096
6949
3730
4693
10084
91147
5727
5925
7468
57167
729920
81848
7473
85365
8928
65250
63901
4094
50945
51360
60675
71
392255
6866
3052
10371
6469
8086
1282
51259
1605
8643
8481
7469
284252
3982
4990
4854
4853
3981
54903
50937
