3717
54453
22852
84627
8985
3040
4784
7456
7454
2188
7450
3257
2157
3852
2153
675
57697
6915
6916
7046
8622
7043
7042
7048
5592
59
3039
89781
11107
2147
861
81031
538
2778
8600
8328
3673
7132
3674
79803
79728
2176
2177
368
2175
2072
2178
51206
55033
1130
4627
4629
23218
4352
7148
55120
5573
9049
2677
2165
2162
29940
5339
4638
2200
54790
3690
3691
84343
546
2815
2623
9509
2811
2624
2812
10312
2629
29089
2187
2189
8076
11234
5345
1186
84464
91252
84062
29887
4088
3861
79798
9101
5889
79001
5351
950
64805
83990
1290
5023
388552
1278
54205
5167
113189
50940
55215
4507
1277
2120
1281
1289
5328
84930
5566
