55636
9723
10907
10907
90121
8626
5727
6125
5745
4784
6870
7050
389549
55717
26012
57167
23767
675
57697
84634
6154
10653
2263
2260
5784
7473
5594
2798
128674
2255
2253
6597
6598
25885
3476
84976
1717
6663
79728
2304
6664
2176
2177
1399
10269
2072
2178
2261
2077
5792
3664
9723
3814
8289
1848
55120
2796
2175
10907
9968
7546
28514
9126
9533
2619
9343
6605
6165
6204
8822
8820
6201
2623
54756
55869
29089
9394
2187
9791
2189
2188
4838
4683
84464
26123
26040
6218
2736
6496
1723
63925
6949
5885
5889
3730
57492
56975
4000
3239
55636
6223
51082
83990
81848
6229
8928
6997
613
51360
55215
60675
8243
6866
10371
6469
6138
5447
6135
8481
25836
84168
6235
6234
6231
50937
