1278
5176
871
100151683
90993
649
7471
64175
1277
60681
10491
5479
10060
80169
5176
9368
55858
79983
2969
2710
8622
22931
22930
6309
5358
5073
871
60681
5479
213
23438
5824
5982
10892
6578
389549
26277
540
4982
55764
9569
5592
3764
121340
23767
55717
84634
284119
7046
7042
6569
3339
7048
57728
3248
59
89780
2492
2068
2798
128674
860
3814
2253
2067
2778
1278
55636
4323
124583
3984
4000
126792
2542
4638
4041
6663
55135
26608
5095
5096
51750
26012
2073
2072
64175
6870
2074
2200
54453
9401
100151683
285590
2260
4629
6678
1848
8799
3295
5573
26229
8815
10491
7421
5828
649
538
8504
9394
22943
65057
25782
9031
6609
7015
7012
9210
93587
8192
92344
8820
1736
8822
26137
23395
9409
55151
29893
54756
9451
55275
64131
64135
2588
6611
7486
55505
1593
3077
8076
128637
5424
5189
2796
55651
8838
2516
6638
56652
1161
4088
79650
79798
9101
9056
3730
4692
5352
5351
5195
5194
875
5190
5193
5192
3977
7471
81848
57539
4313
2720
112752
10269
50940
1277
23586
9049
60675
118429
6866
10371
5830
5831
51091
2538
2006
90993
55670
7461
4853
5566
860
5176
4323
60681
5479
4000
875
871
26137
7471
64175
55151
1278
4313
121340
10269
1277
100151683
6678
26229
90993
649
10491
860
1278
1277
