26608
10297
2969
105259599
79848
5193
7248
8504
55112
79867
5824
5982
5828
5589
1376
9569
4867
1312
261734
27077
183
57728
2317
55670
10806
89891
283120
9657
79809
4041
5311
5310
7249
5314
421
80184
65062
23090
26160
51057
26146
4750
10984
79583
4952
5972
7428
153241
23322
57560
79577
9031
1636
8195
80776
203286
185
2110
9409
7290
284086
23522
2812
7353
9742
11231
51524
147912
27031
5189
1028
2109
2108
85358
27130
157570
6495
79659
57545
57096
64324
6899
5195
91147
5190
2138
5192
29072
22897
57539
8799
5830
4853
51259
8481
2006
5194
3984
7461
168667
54903
