1141
57526
8622
7957
215
5071
7385
6575
79868
7592
5621
6323
9681
84300
4864
5063
139411
1786
135138
65018
5159
55084
8239
5155
5498
3145
9990
4204
7381
90624
3028
5566
51114
2664
1392
2937
1137
1135
50940
27429
6855
23096
378884
57582
5573
7102
35
1537
9968
112476
2778
7345
23400
641339
116442
3054
7915
347344
80067
790955
186
65109
7552
27089
2182
340024
23230
120892
11141
6197
84061
1741
56652
9459
1201
79798
9101
10577
6622
9056
5053
4693
4692
24140
1756
170302
773
9445
23503
617
6638
9049
4519
11043
9213
11315
51256
11277
477
7466
54902
2937
9049
9101
7345
135138
23400
65018
27429
11315
5071
6622
120892
9056
3145
