374654
8425
5176
79633
8626
5192
60681
5479
5824
5828
546
1376
1312
10058
675
57697
673
1954
6913
10682
6092
64175
2316
9573
3845
5915
50814
2065
538
6597
6598
9096
5605
5604
493856
1717
6662
79728
1855
6664
84464
2176
2177
2294
2175
421
2072
2178
64840
9723
1131
4629
1277
9487
6678
8289
338917
7148
55120
55636
649
7547
23556
8504
29940
55714
79827
219844
64220
6928
145173
7498
8195
2263
9409
55151
7290
23522
2812
147372
60495
197131
29089
4774
2187
9860
2189
2188
5950
4683
10847
5189
6605
28952
81857
26040
10491
551
5648
64321
6899
5889
92579
57492
51715
56975
5195
5194
3239
5190
5193
871
9897
3975
57167
83990
7471
7474
1278
113189
121340
55215
8799
4920
72
392255
9915
8241
6469
5830
78989
7353
90993
55670
284058
7466
