10117
258
3914
3694
55505
50485
8626
2969
23594
7227
5073
5277
1834
5982
5980
26277
2248
55764
545
9569
64094
5308
990
7399
265
10117
81620
150468
57728
2261
9469
123041
4647
4487
80326
1062
10733
57192
55835
7979
7039
22995
4040
22856
55135
26608
51750
2263
2260
128178
51119
3664
5000
7020
9313
2255
23545
4054
84126
79955
5083
26229
1001
284058
23129
117581
5034
2296
54499
258
9031
7148
60401
7015
7012
9871
8945
9487
3694
1736
9401
10913
84059
25861
6468
197131
7480
9622
256764
5818
55651
1749
2697
1747
7403
2690
6495
5116
132884
5295
79650
147912
1896
56975
80169
2138
89910
10484
57539
3914
112752
8313
2121
8085
1281
152816
1289
3425
7189
2006
5932
3984
7461
4998
4487
54499
8626
