389421
57531
4830
7153
238
4613
8929
374654
10290
4723
10516
5824
4000
5828
5980
668
9939
10585
8260
2176
51067
2911
1798
56623
79600
7043
6843
3339
55906
203228
79133
5264
2316
6655
6654
2313
51601
10801
5913
291
6591
375790
6597
6598
1123
3679
274
4558
4556
3149
6389
493856
79728
2263
2260
200894
1103
124454
81857
80184
57176
103
6938
9487
8289
1848
123263
55120
10413
23322
127833
55717
54499
79867
10381
3295
8192
23394
7415
3852
84570
29089
374291
6616
23435
23438
1621
389421
5184
5189
84942
56652
3630
4618
238
7170
6899
4613
644096
91147
26191
5925
10939
83990
89910
57531
617
8799
8243
84987
4509
4508
1281
1280
1289
8642
25836
9200
50484
9361
22931
22930
627
5077
9839
6576
6578
152330
401
84153
4867
6329
55572
5922
3832
84634
55624
11277
4038
84334
8878
7317
8292
3845
54880
80324
5495
1717
4728
4724
2303
4726
4720
6664
4722
79621
8803
51204
1134
4620
4621
4626
4541
4540
4976
7148
51103
29925
4536
284058
23129
8504
9126
1340
9533
6535
79823
129563
4538
79581
79583
4534
4535
7490
4537
9401
26137
652
9409
23334
2625
7353
9581
5894
11232
54806
867
25915
28958
7403
4010
4763
5195
5194
10087
5191
5190
5193
5192
51082
324
8929
65250
207
71
55967
4715
78989
4719
1763
1140
1146
1144
1145
79633
8626
57688
4572
4574
4575
4577
4578
3651
2521
80224
161742
389549
546
2245
29110
1312
23767
5147
5144
50964
10682
7084
2261
6567
128674
10617
10616
10752
1387
10535
113278
3040
4286
4287
3479
9786
7021
4704
145173
1644
246243
91942
51185
55636
7020
27077
9968
100131801
8216
4633
25782
7054
23090
257
2200
7153
79184
7290
7291
8106
1352
1355
9394
51524
128637
4830
26123
85358
7994
26040
26128
95681
10000
5296
4089
3861
5885
5889
55072
5728
199857
79848
4593
7474
57492
10262
3913
55605
55215
8085
5830
400916
51259
92667
55670
3981
54903
4564
1785
285489
54888
6870
4705
79147
347733
7050
4709
54756
894
57167
3767
675
57697
673
3248
4567
4566
137682
3039
60
58
6016
6392
6390
2255
2253
144568
4893
10046
5605
5604
57190
9990
4204
6519
116228
6261
1855
6309
2177
2175
421
2072
2178
2077
9723
65062
3954
84295
3265
7273
22868
5080
2670
2673
23384
126328
7545
60675
6833
80704
6834
26012
6605
5339
4747
1737
8822
8820
5781
9215
2812
29954
23395
64135
55869
2187
226
2189
2188
7169
5428
79776
84464
51124
6497
64419
57545
5648
6949
23522
1890
1892
3730
6341
4920
4695
4694
4697
4512
4513
4514
7468
9997
26053
81848
29078
85365
5160
4094
2645
246329
30008
4729
26503
10371
91574
3423
8481
7469
10771
25939
4990
6663
63895
478
4854
7466
8106
401
347733
55605
84570
10087
10381
55605
84570
10381
401
347733
401
347733
55605
79776
10381
84570
