55857
762
2652
9364
84627
6102
6121
6101
24
4901
1261
5148
3769
2706
7399
5995
23568
343035
6094
6010
84140
6017
11107
1406
81031
10594
10804
346007
1259
4010
5158
9094
9657
22999
8754
5961
7439
1258
282809
583
80184
4117
23093
23418
388939
130557
7275
4751
83394
167691
3614
9128
9129
93589
3000
10210
55812
79947
5949
64218
128338
375298
26160
9742
25794
138050
5956
84100
6295
26121
92211
7401
79797
3420
7287
10002
57096
55975
84839
9227
768206
145226
30813
123016
5351
50939
6103
64802
24148
6100
8842
5145
23746
778
23020
2978
2979
10461
392255
1281
157657
57709
1289
8481
84168
63895
