8622
4577
4578
7381
7385
83636
4705
4704
2521
10891
6647
5621
23111
84300
29978
54209
4567
4566
137682
203228
5428
79133
8878
6311
410
51601
2066
6389
9997
90624
4728
4724
5566
4720
4723
4722
51114
9782
51204
10133
8518
50940
4541
4540
1644
123263
25978
8893
8892
8891
8890
1537
55630
4535
8722
9968
6834
4538
5230
1639
4536
4537
790955
4744
100131801
7415
65109
27089
2583
1352
1355
55869
3178
374291
340024
23435
29110
7084
55149
400916
2512
91942
5573
5446
5216
1892
4519
4695
4697
9217
1967
1610
9896
55572
5160
283
8398
617
80704
4729
55967
4508
4914
5630
4719
5445
5444
6334
478
23025
54902
