10060
1302
50485
84623
7227
10516
2036
1778
158326
547
1376
3762
1312
675
57697
673
9179
55690
10195
3845
23461
83932
57465
6597
6598
4323
5605
5604
23261
1859
79728
6664
57514
2176
2177
2175
421
2072
2178
1013
57572
23314
8289
79753
55120
9968
284058
3759
2902
117581
6605
6925
2200
11154
285203
2904
3516
7290
79644
54567
30008
29089
23431
2187
2189
2188
10717
85358
84464
8831
26128
10369
6899
5889
10522
57492
2131
10084
2812
5925
83990
81704
9427
4313
55215
1889
2332
1280
7353
25836
55777
4851
