24
54714
8842
6785
5172
1302
55857
762
2652
9364
64802
53405
25794
10518
6121
5193
51475
7381
7385
24
54084
55112
5824
4901
5828
5373
6094
57709
55764
4117
1261
80025
54714
5148
7809
5147
2707
2706
7399
261734
5995
64072
23568
343035
5961
87178
4233
283310
23562
57728
6010
494513
5264
84140
11020
6017
51473
51168
3035
4646
4647
5269
259236
6311
10594
10804
10806
1259
89891
27031
4575
5158
57465
9094
23418
585
9657
4519
374462
90624
9381
22999
80184
79738
83715
5962
389207
1258
282809
4598
643226
582
583
8754
65062
124590
65217
778
2103
64699
117531
23090
23093
107
64218
130557
114902
55212
79955
7275
161497
4751
79583
83394
286676
1537
1406
126326
2979
340990
6103
83552
167691
153241
3614
8504
57560
9128
9129
23020
125336
93589
3000
10210
3166
6102
55812
79659
26090
27241
222662
8195
2059
79947
346007
790955
5949
57107
388939
84059
129880
9409
25861
3082
128338
375298
153562
26160
375611
29899
84839
92482
7355
6100
9742
286262
51524
84300
7007
138050
1509
53904
26146
5956
84100
6295
5189
4867
27235
26123
51057
26121
2697
84189
92211
27089
7401
79797
3420
7287
146183
10002
57545
1201
22954
57096
55975
9750
9227
768206
3735
338
145226
27130
11078
123016
374654
10083
8481
5195
5194
5191
5190
24148
5192
7439
3769
8842
79809
22897
84173
57539
253827
5145
65250
23746
112752
617
8799
2978
163183
10461
392255
6785
54585
4508
166379
220074
157657
5830
51259
50939
51095
55670
28982
6101
54903
54902
