1141
2653
84623
57526
7381
7385
79867
5053
7305
5625
79868
1778
5621
6249
547
339453
9681
84300
388662
51114
1798
9786
5063
54209
56623
139411
9662
27077
79813
203228
7319
8878
4137
55755
50814
6605
6855
2902
79882
6595
6853
2904
6598
8239
113278
9496
641339
55835
275
1312
4204
6908
1859
22995
4128
1717
84879
3028
4126
6664
3953
2664
288
8738
79600
421
162417
200894
1392
1654
1013
8514
9524
65062
1137
1135
131669
124512
23314
23096
25978
6697
4297
11152
1537
4952
9968
55180
23141
23325
54888
57582
56776
54880
7592
5663
6535
9037
23400
8243
6925
79791
80185
116442
7915
9459
259266
347344
79583
2563
6597
790955
27086
26137
1501
186
79581
158
65109
7552
6683
27089
7290
80254
2812
63976
7415
2182
7353
57082
1911
23230
8260
6487
1917
54806
1021
2898
11141
2896
8289
2892
7991
6197
85358
9439
26040
84061
284403
8831
1741
95681
6497
51185
6491
2731
4247
163786
10369
83696
6899
9759
10522
57492
4693
4519
24140
91147
3340
79848
2036
9896
8924
6909
1756
170302
81704
1893
79648
8398
65250
617
114798
23389
7102
11043
8492
8242
90624
3054
54862
2334
4669
80153
11253
10771
5932
55777
54903
54902
