773
54982
80331
6323
477
112476
4340
7292
3119
3123
5032
3060
22891
1512
4340
7292
3119
3123
5032
3060
22891
1512
378884
773
54982
80331
7957
9896
6323
477
6622
112476
6620
1593
7957
10518
4574
4575
4578
7381
120892
7385
2521
3123
26058
5621
1371
6326
80331
6323
84300
7415
54209
7399
5096
64072
4564
203228
8878
4647
4137
410
3035
593
594
5395
55737
113278
3145
4558
6908
493856
90624
3028
5095
4125
51114
124590
65217
4541
4540
23317
378884
79955
25978
4292
1537
1639
9968
112476
5032
5663
4436
23400
7915
4340
4538
79581
1981
80067
4535
790955
84059
65109
25861
27089
7292
2629
340024
23435
2956
29110
1629
2896
152926
7401
1512
4572
54982
3060
27184
6622
6620
1893
4693
4519
4512
4513
4514
10083
9896
22891
773
57338
617
5538
3786
3119
3785
400916
477
4567
7466
54902
