22931
22930
128637
25782
84892
79147
1282
10329
729920
29954
2218
1605
55624
84197
10585
11041
29925
148789
9215
4976
84892
79147
1282
10329
729920
29954
2218
1605
55624
84197
10585
11041
29925
148789
9215
4976
4976
84892
1161
29887
10329
1605
8600
6812
9091
22931
22930
4572
2775
4575
4558
4540
4578
79147
6785
148789
4512
4513
4564
25782
4514
84197
6326
10585
1759
729920
2072
170302
9215
11284
4574
2074
128637
23126
8398
2581
284111
443
7299
29954
3745
8803
55624
150094
4567
11041
10397
91137
4538
10312
4976
25977
79751
8086
4854
6792
5428
7274
1282
1186
8573
348980
2218
51
3785
29926
6334
2395
4535
4541
29925
9927
51741
2067
84892
79147
2581
1282
10329
729920
29954
2218
1605
55624
84197
10585
11041
29925
148789
9215
