9076
8626
2969
5745
57822
5982
2248
55764
9569
4867
57728
1308
5144
150468
5308
79977
128178
11020
2317
4487
129880
2255
3664
124583
7039
4040
26608
55131
112752
79738
1513
2263
2260
64840
8517
585
582
583
80184
3954
92482
11128
80326
51057
5083
5573
2261
9533
2296
9031
60401
6926
27241
8195
3691
10913
9509
26160
8772
64131
4054
2245
84100
5818
6197
91252
7403
132884
5295
3909
1896
123016
22954
4591
55703
6023
57539
3914
10265
55212
3918
10806
8313
54585
4792
2121
8085
166379
7189
7469
7468
2006
3984
10940
7461
54903
