2736
5727
7050
6496
5727
6497
6496
54888
54880
5605
5604
6949
6628
51305
9839
4000
2563
51082
10269
55033
8514
63976
9533
673
8260
3373
3845
63895
3981
6497
6496
54888
4000
3373
2563
54880
8514
673
5605
5604
9839
3845
10269
63895
8260
3981
63976
2736
5727
7341
51305
9533
6949
51082
6628
55033
374654
90121
84627
9775
51305
5825
5824
5828
5980
1947
9939
10585
26012
1909
2073
7046
6154
1495
7043
7042
3339
89884
57728
6658
2316
2317
1063
1062
57724
10801
5913
283120
6597
6598
1123
25885
55835
79728
2263
2260
2261
124454
8514
5000
57572
80184
100151683
9487
8289
25970
1848
84126
145873
3090
84892
10413
23322
26005
55717
23483
2619
79867
2737
7341
1906
285203
8945
8195
93210
3516
84197
6201
29089
6611
9742
26281
57096
5189
9184
5818
55650
83479
157570
29968
132884
284098
6899
990
91147
5925
83990
57539
613
8799
54101
11041
8243
8241
1280
1282
63901
8643
1301
1302
5979
2719
105259599
79848
23594
5077
4222
9839
1836
9126
6223
5626
7048
10664
10743
9064
3930
84634
55624
51684
9702
6229
7314
6657
4487
3845
4488
2314
701
9573
84976
1717
6662
6663
2303
1718
2304
6664
64840
11285
1654
3664
1134
4621
4629
89891
26229
10907
27315
29925
26227
284058
153241
23129
8504
57560
152330
9533
219844
79583
341640
9401
652
9409
2623
54567
7353
5894
6138
860
28952
2697
55120
7403
6218
4010
134701
6628
23426
5195
5194
3239
5191
5190
5193
5192
9897
51082
64131
8928
65250
22995
72
392255
6866
2239
5449
78989
6135
5932
1146
1144
8626
57688
699
80144
389549
545
2245
64093
1312
729920
23767
5147
2706
999
54928
6911
6913
27077
10683
81620
5592
5594
11023
2068
2798
128674
10617
23169
10752
50814
2796
2067
8516
5396
126792
51360
4281
22858
148789
22856
4212
7531
55033
55112
145173
9394
6774
10984
51185
1723
55636
7020
9968
3759
5116
29940
60
10225
4638
257
2200
2563
80776
79068
60529
7290
7291
23522
23133
7480
8260
4838
4683
59341
4750
26123
81857
26128
2736
9343
4088
4089
147912
64324
5885
5889
56975
5727
4593
675
7473
10484
7476
10262
6997
10269
55215
8085
5830
51259
1605
10084
55670
168667
3981
54903
6125
285489
54888
6870
57822
79147
4703
7050
54756
3762
54880
57697
673
54499
29123
171023
59
11107
26160
2253
10324
10329
2773
10733
5605
5604
4000
7979
9496
79809
57514
2176
2177
1399
2175
421
2072
2178
2074
9723
3814
3955
3954
23314
3508
51057
84720
9791
23384
7546
28514
84667
4998
5332
6605
6165
5015
6204
5236
8822
8820
5781
9215
2812
63976
29954
91179
124583
55869
2187
2189
2188
3476
2218
3373
1028
84466
84464
1749
6495
6497
6496
79659
57545
139285
8076
5648
6949
92579
3730
57492
2138
25836
81848
9427
50945
113189
246329
6235
60675
5048
8092
10371
6468
6469
6231
8481
7469
7468
3199
63895
6234
4854
4853
4851
50937
5727
7050
6496
257
3930
6497
6496
54888
4000
3373
2563
54880
8514
673
5605
5604
9839
3845
10269
63895
8260
3981
63976
2736
5727
7341
51305
