84892
374654
144568
2218
5176
23321
1145
4893
4247
23126
701
8216
4556
9184
2737
1144
285489
4038
5528
9990
60681
9702
1134
5479
79147
6576
3954
148789
699
871
84197
51114
526
10585
5781
5922
65109
7471
64175
10743
6329
90993
1278
5162
23522
6655
729920
29954
673
375790
6638
55687
4692
5894
6616
11041
8573
1717
55624
3756
29925
9215
1140
10491
10329
1282
127833
2314
6016
1605
26229
4593
7469
7468
3845
1103
85358
6654
649
478
50814
9968
1277
5913
284058
478
1140
375790
6576
1144
1145
127833
1134
4593
1103
285489
4038
6329
5913
6616
