3717
2719
3659
10342
8013
3418
25
115761
2521
8091
5371
4869
811
1316
675
3482
1499
4233
171023
10962
2313
3845
4481
1385
1387
2064
51604
2778
283120
595
596
4893
5157
5156
7030
2078
11281
2263
5277
3265
5914
100
23092
4352
7704
843
6421
841
5578
3500
6777
1649
64859
115908
7157
79058
83550
627
7942
79577
8216
6938
129563
54790
81608
7490
5546
6760
2118
6598
5781
6208
2115
1213
2624
5023
10019
7355
4771
861
6756
6757
867
25913
5080
8148
5573
5290
4763
9759
4926
2130
51008
51004
5925
324
4595
4841
613
282551
9049
8312
23451
2122
7066
472
79718
2778
4893
3845
7355
3265
100
1387
