113246
3209
6926
10060
2719
22930
3040
55112
1836
57560
6473
7051
55764
9321
2245
171023
2290
3764
1311
4882
57728
6792
3039
2316
54928
26160
2254
89891
2778
9719
126792
4204
79809
26154
1717
6662
22854
50945
526
57514
2263
2260
2261
8514
57572
8200
3954
84295
8450
145173
9487
4053
4297
5573
27315
23384
63901
153241
9126
9241
242
727857
3756
25782
6926
2200
285203
93210
2563
3516
652
84720
650
658
9509
63976
113246
54567
285848
55869
9742
10013
90
3209
55650
2697
1513
2690
6497
348938
79659
4089
284098
59341
59344
5885
4613
9759
4920
3239
9896
25836
57167
6023
5144
57539
10262
112752
2879
204219
4256
81794
8243
2239
1280
3549
8481
7469
7468
4990
10940
4853
4851
3549
8200
6926
10060
3764
2316
727857
3549
3209
4256
9241
7469
7468
8200
650
90
2697
2263
2260
2254
3954
658
57167
6662
59341
526
3756
3239
2263
2260
2261
3239
59341
59341
526
3756
3549
8200
