3590
26277
343637
57492
1301
1302
6597
6598
3930
6664
3756
7020
6605
168667
8289
3756
343637
55505
1301
1302
10297
2719
1308
112744
5190
5073
162514
5982
6578
1075
1947
3857
3854
3852
3853
55764
9569
8626
3835
55612
2707
2706
3930
50964
3561
10682
4038
28952
3643
57728
3248
7317
5307
10758
2146
4487
3845
7476
10804
3848
80326
50814
6605
8036
6597
6598
5605
5604
51360
7015
3575
55135
26608
1855
6664
526
51750
128178
6303
64170
8517
64421
9723
127534
2767
8200
23169
7020
3265
100
8289
846
6774
6772
55636
55630
83550
3590
54888
2737
3756
5333
9031
121391
343637
5339
6926
7012
2969
84818
64581
26277
3691
1736
9401
652
10913
3891
658
547
2239
3872
5896
5897
5184
10847
5189
5818
55651
2697
26040
1747
1513
3868
132884
79092
3861
79650
3909
64324
57492
4920
6335
4000
80169
9791
9897
326
29072
65125
6023
7474
23765
1294
57539
4312
3914
112752
10269
54463
3918
9049
673
2121
3229
4853
4010
7189
284252
2006
63901
3984
7461
168667
3981
57492
6597
6598
6664
6605
8289
51360
3229
121391
2697
3891
6303
