5159
3748
57704
6575
5155
25894
9213
5173
23203
767
7381
7385
5582
5824
22
6575
5828
5621
26275
547
10749
50640
26278
2911
2705
57165
6712
343641
25894
6310
6311
6314
25814
5917
5159
5155
124997
23261
6908
3475
90624
26090
7436
3748
51761
144165
11128
92935
4758
55129
1537
8504
9533
7345
857
790955
9409
23111
2583
166336
84300
5830
2895
5189
27089
23533
1203
23345
5521
119559
23064
5354
5195
950
5190
5193
5192
9895
10939
55703
8398
617
8799
3708
4519
9213
55280
2332
57704
6548
6334
1476
5194
55670
79152
478
54902
