90121
2657
10060
6125
132
79867
1837
5826
699
9939
10587
1674
10058
338917
673
6444
6154
27077
9702
8216
1829
6016
22845
6655
6654
9573
54928
3845
55997
1410
144568
57644
4893
4851
701
7139
1482
88
6901
6389
7134
7137
1717
80184
7112
8048
5915
100151683
4625
137814
7273
51057
4624
23384
3265
7026
84665
23129
23322
23483
9531
55714
5663
64220
5664
6165
11155
6204
79583
80776
182
6201
7414
4089
5781
2623
23522
2627
6469
63976
5894
4607
6888
5950
7168
10847
2218
2274
7403
6218
2737
57798
57545
57096
9184
6899
5350
4000
91147
79848
6223
5922
89910
1756
6229
57057
4091
3910
57534
8557
70
392255
8085
6138
51259
282996
6135
6331
6235
6234
91624
6231
54903
2737
2737
