3040
10516
79147
79867
699
26276
10585
6888
1376
3977
675
57697
55624
27077
9702
3039
81839
80199
701
51360
148789
5076
79728
5314
429
57514
2176
2177
2175
2072
2178
2668
8516
57572
80184
1131
4621
100151683
4629
51057
55120
5979
5972
29925
63901
627
23322
5034
60529
80776
6928
1908
9871
285203
1636
79583
3516
183
185
9096
284086
29954
54567
30008
29089
2187
2189
2188
26281
54968
27031
2218
84942
84464
26123
27130
57545
139285
57096
9184
5889
91147
10087
79848
3975
83990
8929
55215
72
9215
51259
5447
9928
4851
63894
168667
54903
