374654
3717
55505
212
2717
55857
762
2652
9364
2719
2710
4534
345193
215
6121
5456
5073
116085
6872
492
24
7454
150094
22
695
4901
3251
79868
7592
26277
57709
2157
546
331
2245
2158
1261
4308
54714
1759
5148
284111
5146
5147
5145
7399
65109
5995
139411
23568
5961
7319
55906
6094
6011
6010
6399
6792
6017
5261
5260
2316
7317
11141
7439
9091
415
54928
1258
10594
26160
50814
1184
538
6855
5158
60401
6853
23676
9094
8239
203547
124583
10046
6709
6906
23418
6901
60506
2892
5063
4204
8322
51360
4281
5256
2780
5255
7015
7012
55135
79728
22999
412
91851
2664
51750
2176
2177
2175
2072
2178
11284
6303
282809
10134
7456
583
5885
8754
51114
5009
3745
6103
4117
5277
100151683
8450
367
23093
254065
64218
23096
79751
388939
2273
7275
55120
4751
348980
83394
7102
1406
1536
1535
2979
10210
4952
6611
9968
51741
23554
3614
8517
9126
2779
9128
9129
65057
23483
29089
79827
93589
6535
3000
440435
641339
5949
116442
55812
2010
347344
6326
5230
4068
79947
346007
4983
1736
8823
186
4352
56606
6101
653361
1678
130557
340533
3897
2623
375298
64131
10159
8425
128338
190
55869
2182
1259
2187
9742
8573
25794
2189
2188
8260
6487
23236
138050
5956
84100
6295
25977
54808
84061
4688
4689
90167
6197
26123
26121
92211
84464
7401
1741
79797
3420
7287
9459
10002
79184
554
6812
79650
9131
57010
5631
57096
9187
23229
2775
55975
84839
9227
768206
5889
145226
1896
959
84140
4693
123016
5199
2916
24140
8481
10084
1193
80169
2904
6102
24148
6100
2705
83990
675
1756
8842
170302
57697
65250
23746
55651
778
50943
55215
2978
5354
11043
10461
8242
8243
3054
3028
4792
4041
2239
2332
3547
2334
157657
3785
3423
7066
51259
1288
6334
50939
2000
25836
3561
23020
84295
3476
7552
359
