55505
210
55612
4572
7389
4574
4575
4578
5073
5077
695
3123
1075
26277
3852
10058
675
57697
100144748
1490
4567
4564
7319
6392
54
6390
6391
147138
6591
8517
4893
4558
4286
6663
55135
79728
7249
7248
51750
2176
2177
2175
2072
2178
2077
1235
3663
3815
4541
4540
55120
641
54539
9419
1349
117581
1908
103
6925
7015
7012
857
4538
4535
1736
9401
2263
29089
2187
340024
3077
1910
2189
2188
79932
55651
84464
5116
3861
79650
5290
11322
5889
5728
5873
4512
4513
26191
80169
4514
326
83990
1294
207
4254
55215
3052
4157
84168
641
9419
7319
55612
54
