114548
6813
9244
7132
4803
6786
84876
1585
8676
3977
5860
5805
4210
2581
23529
2643
8518
5551
4914
695
91662
201294
55858
554
359
130340
667
114548
695
3123
5621
3856
55858
939
6323
84153
11277
10878
340061
8929
56244
10535
1080
7132
4803
773
6786
84876
2548
79621
23175
58484
4210
8518
4621
2203
3155
103
249
112476
3758
11093
331
9244
60401
1589
4068
7153
1585
55315
5860
2581
23529
1357
3875
64135
11330
5551
3075
26525
3078
1991
389421
4830
6690
201294
554
6813
238
4613
5645
5644
6557
4512
4514
8676
3977
5805
25939
51816
57531
2643
779
1896
1277
3350
80704
3702
4914
6261
91662
477
81494
359
