3868
1301
1302
8517
9241
4851
8626
1308
3909
3756
55505
6605
343637
5073
3655
7015
6597
57492
285203
4920
57465
6473
7012
55135
80169
526
6664
1736
26277
3854
51750
3853
324
7476
6598
64840
1294
9896
1832
4312
3914
1399
57572
79650
3872
55651
54567
3930
8200
3918
613
3728
3516
4038
80326
5594
79977
2254
1280
2317
4010
3549
8289
4487
57514
3691
54101
6197
26137
1513
72
57492
6597
6598
6664
6605
64840
8289
57492
6597
6598
3930
6664
3756
6605
343637
64840
7476
8289
3756
57492
6597
6598
6664
6605
8289
57492
6597
6598
6664
6605
8289
