50814
6905
157570
374654
90121
23363
131118
10516
10102
5825
5824
8091
5982
5828
2176
84300
421
6154
2317
1062
5915
1663
5913
283120
6595
6597
6598
56052
55835
79728
51117
2260
2261
5000
9150
80184
100151683
103
23545
8289
84126
55120
5573
1537
3090
54888
23322
65057
3800
2619
55714
64220
6204
6201
346171
29089
55784
5950
4173
5189
256297
84942
55651
157570
29968
132884
3630
6899
119559
990
91147
5925
83990
27229
79621
613
617
8799
51199
54101
8243
8241
2121
85476
85378
63901
200205
284058
6911
50485
2657
79848
8985
22930
23592
23594
5073
7381
7385
79867
22
6575
3796
84153
9569
11277
9702
54928
84705
9037
169792
701
1482
9573
84976
1717
5313
6165
1718
6664
51750
22931
1134
23483
57211
10908
26227
57217
8504
9126
152330
5034
219844
9871
79583
790955
182
9401
1501
9409
57061
2623
2626
2627
2629
7353
5894
10013
16
28952
6218
134701
6628
4000
5194
3239
5190
5193
5192
9896
9897
3977
8928
65250
22995
55670
28514
392255
2332
219736
6135
5932
1146
1144
3651
699
26277
545
1312
10058
5147
5144
2702
9820
27077
10683
81620
5591
10699
5594
54968
2068
498
10752
50814
2067
10535
55733
9652
9719
10436
51360
3479
7531
157680
23414
5325
145173
137814
338917
51185
6223
55636
7020
5116
60529
25782
222546
2200
80776
79068
7290
79650
197131
4838
128637
4683
145873
26123
2736
2737
4089
5295
1836
57096
9184
5885
5889
641
56975
5723
5727
4593
4591
675
6229
7476
6997
10269
55215
201595
10847
5832
5830
5831
51259
9928
5195
3984
168667
3981
54903
54902
55505
2969
6125
285489
7050
3767
3480
57697
673
3643
150468
171023
63925
2253
538
5159
5155
10733
6905
6909
90624
55135
26608
6309
2177
1399
2175
2073
2072
2178
2074
9723
3955
3954
3508
51057
9791
7546
6833
84667
9031
6605
7015
7012
1736
55640
5781
27089
2812
6138
64135
55869
2187
2189
2188
1028
84466
83987
84464
140628
6496
1161
57545
6499
9451
57492
4519
80169
25836
9496
2645
6235
5048
9213
10370
6469
8481
7469
7468
2006
25939
63895
6234
7461
6231
4998
50937
