1788
5172
10060
8425
1146
5176
1789
54453
79633
8626
2719
2969
105259599
6528
4784
60681
5479
1836
5982
5626
80144
1947
7048
546
2245
3764
1312
675
57697
3930
2296
1954
7046
84627
2263
8022
5468
3339
3643
64175
5308
5592
59
7252
7253
2990
259232
11107
2146
81031
54928
411
147372
10752
50814
538
283120
6597
6598
1482
7038
3670
26608
51360
9321
10516
9152
79728
1855
6664
526
57514
2176
2177
2175
421
2072
2178
64840
55033
8517
9723
57572
1281
3955
9841
23483
285590
10683
4629
55215
23545
8289
7148
55120
10984
51185
55636
23384
649
50506
9968
145873
84667
152330
117581
54880
29940
3756
10555
6605
145173
83879
175
4638
2200
285203
857
3516
341640
8820
79068
405753
7290
26580
9509
2627
2812
4036
54567
30008
55869
29089
7353
2187
9569
10243
2189
2188
8260
149461
6299
54968
1028
7067
84464
85358
79813
2697
2353
7042
10491
6497
2737
134701
89884
4088
8076
64324
7173
6899
5889
23426
9759
57492
51715
4920
374654
389434
7201
5727
10082
871
2741
2743
83990
9031
7471
1290
7474
1278
113189
1277
4952
72
2239
3070
5449
10847
5832
1280
7068
3423
1289
3425
79158
2006
90993
84168
3984
7849
7461
4854
4853
4851
