57492
6597
6598
6664
6605
8289
2316
3339
10020
79633
767
8622
22931
22930
5506
526
9563
4867
9060
284119
84733
6913
5468
3339
6448
6845
171023
7319
11020
6658
2316
2492
2068
2990
79738
411
51761
129880
10806
1387
2067
23461
6597
6598
4323
190
10128
124997
6662
5566
6664
7436
2799
2073
92482
2074
4214
585
582
583
80184
23414
26160
8289
51057
5573
51741
9126
3756
25782
10555
6605
3290
10020
27241
857
8195
7490
2263
2623
9509
2626
147372
55869
84823
138050
128637
1020
10847
84100
2353
2516
7403
2737
4247
9101
5885
29893
57492
123016
4000
22954
50846
170302
4313
55212
50940
9049
6736
8243
9210
54585
26580
8085
166379
4669
3425
25836
54361
1761
4853
54903
57492
6597
6598
6664
2316
6605
6913
8289
2316
6913
