55857
762
2657
79848
6121
6101
6100
24
79867
4901
161582
54919
4117
4867
5148
4838
56623
5145
7399
5995
1954
23568
83544
27077
10683
6094
6010
84140
11020
6017
345895
1406
8701
79738
10594
129880
10806
1259
6295
10210
5158
5396
23418
4000
93233
346007
51364
55130
64446
9786
79600
55036
5961
200894
7439
1258
157657
585
582
583
80184
65062
3955
3954
6674
23090
352909
26160
388939
130557
51057
27019
7275
145873
4751
79583
92749
7547
54768
84667
56683
3614
23322
10309
9128
9129
134701
55812
5015
27241
8195
7490
79947
80776
5949
203286
64218
123872
2622
2121
375298
115948
197131
10560
9742
25794
220136
51524
55997
138050
54806
388389
221421
84100
27031
26121
92211
7401
51259
95681
79797
3420
132884
10002
57545
284086
57096
23639
55975
9227
768206
145226
27130
51715
123016
50939
10084
91147
6103
6102
24148
22954
7287
55172
8842
65250
55212
10269
23020
2979
72
10461
83861
54585
89765
339829
166379
85478
57709
1767
8481
7469
7468
63895
80781
92482
54903
51314
4838
220136
5015
10084
3954
7469
7468
72
55997
7547
5396
