5176
2653
84667
3655
5192
60681
5479
5277
5824
5828
26276
9939
10667
28962
57728
10059
121340
1785
10683
388753
22845
4645
26160
1387
89891
4893
56052
275
9997
79809
57511
64175
6821
9255
3955
55112
8200
1277
249
6678
4056
1641
145873
57505
649
55005
8818
153241
8504
57560
5660
2731
3691
9409
55151
658
6809
1355
9742
5830
5189
2752
10491
134701
79659
7284
3909
388962
6341
493753
4519
5195
5194
5190
5193
871
7471
1278
3914
2720
1272
3918
8799
283989
5048
56945
5631
472
3988
90993
55670
63894
2009
