63895
10682
1718
374654
145258
1146
9179
1303
667
79633
84623
2719
57449
10290
79848
8985
22930
23594
1962
285489
9775
3040
121512
8504
55112
5825
5824
2036
5828
5980
1778
9939
546
547
23299
1674
64093
57688
10522
727857
29940
1954
7046
63895
7043
6913
10682
59
3339
55906
7048
57728
10195
6792
3039
2316
9469
5307
2068
2146
54928
7476
2317
147372
26160
1013
89891
5913
2067
2902
23321
5189
2904
124583
274
8139
6901
126792
54332
4204
7136
79809
1859
9382
6662
60681
22854
1718
11154
57514
6309
5592
1836
2073
81620
11285
55033
2074
8516
3664
5000
9150
57572
80184
1131
8200
3954
4621
3265
285590
4626
4629
23314
3508
7273
51057
23586
4750
79813
7140
2200
26229
5979
27077
9419
54820
4998
153241
23129
23322
57560
117581
2290
54880
9244
54499
3516
25782
219844
79867
6925
3295
4638
79659
8192
2201
285203
22978
79583
80776
9401
23545
23395
9409
3897
658
23483
2239
284086
57231
23529
113246
64131
54567
64135
23431
9742
10397
55784
1281
4604
8076
8260
25793
7169
27031
2218
84942
84466
10717
26040
7042
8831
56652
6497
4010
132884
1807
4088
57545
139285
5119
10516
8898
57096
59341
64324
23522
10369
60386
6622
5076
990
23438
51715
5352
5351
5195
91147
953
5190
5193
5192
118813
4593
79158
81846
9496
51651
1292
1293
1291
81704
9427
57539
10262
113189
2879
2643
8799
57211
8242
8241
2121
91179
91574
5832
1280
5830
8642
51259
1289
6611
8481
7469
7468
2006
4851
55777
5194
55670
168667
54903
10397
