6833
5449
23126
5015
6658
5443
5626
6566
2736
2645
8820
2746
89884
3033
3643
37
1376
23530
6584
4158
6770
10587
56246
22845
3030
3032
3033
1374
1376
5122
2710
763
10297
2719
105259599
5095
788
7381
4221
7385
80224
5626
4709
1374
10587
1376
84300
549
3767
2746
1027
5096
3643
2998
79133
5261
6658
22845
56922
3030
3032
3033
56246
538
593
6566
594
2908
10128
5495
6519
493856
90624
4728
3028
4724
4726
4720
4723
4722
25915
8802
89884
1392
6584
5009
2645
23417
2203
4358
3155
3158
4351
5122
54941
10984
37
36
34
1537
51103
3265
126328
6833
2592
23126
23530
79823
6928
178
2639
5015
1738
1589
4535
4536
4537
790955
5236
8820
2688
2110
1030
1031
27089
5836
8085
25821
23432
9581
374291
229
2184
3172
5106
5105
1621
1026
55065
1629
84947
1028
2109
2108
2697
152926
7403
2690
2736
91942
6770
9451
64324
5256
5528
51422
5728
4519
4694
283120
55572
29072
29078
2542
208
617
4729
1716
2239
4715
5449
55163
5443
4158
4719
2538
51660
5091
64087
28976
4854
7466
54902
283120
5015
2736
105259599
64324
79823
5495
6519
5626
8820
89884
208
1621
9581
2998
8085
5449
6658
10984
1028
51422
7403
6566
