90121
50485
6125
10456
8546
7454
5580
5826
55788
2328
8625
931
930
675
29851
57697
3930
5994
6154
5993
6023
3845
1380
84522
4893
987
6901
2542
493856
6789
79728
5095
5096
84464
2176
2177
2175
2072
2178
51119
23495
2937
157680
25974
55120
3507
2672
4261
8742
7852
6929
175
6165
10559
5238
975
974
973
6204
6201
26235
2623
2624
10312
29089
81570
2187
843
2189
2188
4860
1991
6234
28956
6218
6813
5295
79650
113235
6948
5889
92579
959
958
6223
8676
83990
6229
29760
55215
326625
166785
4790
4791
11311
2120
6138
3543
201294
6135
56262
356
355
6235
5551
6231
7466
115650
1991
10312
2672
7454
975
4860
843
5580
23495
4790
29851
8742
987
356
355
931
930
1380
4791
115650
