8242
3090
7531
10908
5048
215
23204
57526
80821
123606
10342
5077
83636
150094
3798
51308
6326
6324
6323
547
84153
51062
284111
113612
11277
9179
6843
9907
6792
6567
6253
10535
9091
271
8139
3329
80208
6513
7531
11284
3745
103
23259
79751
25977
348980
3090
126129
51741
8050
137492
65055
11154
22978
57679
2566
6683
3897
6687
2583
64135
2775
23431
8573
10717
2554
6812
5354
953
118813
9895
9897
1759
57165
9420
51324
170302
79621
23503
23111
9197
5048
8242
22948
26580
91574
5832
57704
3785
11160
10908
6334
6335
25939
200205
79152
