9179
54453
10297
7042
2969
767
23363
7227
54888
6870
5982
5980
1075
7048
6487
389549
6249
64374
546
54756
545
2245
10743
388662
57167
3835
1798
1399
23767
675
57697
84634
7046
9820
7043
2317
6792
3339
2260
5592
7319
5594
2316
9469
2314
1062
8450
2798
128674
51761
1387
2253
6567
538
10733
79882
55690
55636
4323
124583
81848
55835
8139
124997
126792
7879
4204
22995
6261
6663
22854
26608
79728
7991
51114
7436
10717
2176
2177
8738
2175
6305
2072
2178
11285
55033
55180
3814
9524
8200
157680
124512
4629
55215
23545
9394
84126
55120
2796
51185
26229
59
2673
23389
9496
60675
2617
23325
23129
9241
56776
2290
55717
9244
65055
9031
9037
6925
175
4638
2200
11154
92344
8492
8822
8820
1501
83932
26580
23529
113246
64131
10586
26012
29089
23431
1848
2187
9569
7148
2189
2188
7840
2898
6299
5189
54808
83987
6197
91252
9439
254065
84464
6497
5116
79791
2911
4088
4247
8076
59341
64324
83696
5889
3730
5351
199857
3340
5190
6909
83990
64132
1290
10484
85365
1278
4313
613
1277
54499
6866
29072
10371
54862
2332
1281
1280
5831
400916
4010
1289
11253
3981
2006
5932
3984
83452
7461
80153
7040
