144568
23522
6016
4893
6655
6654
673
3845
5781
5922
5894
8216
4352
90121
55505
3712
55858
50485
760
3717
3570
10699
22852
5073
3043
8546
7456
7454
7450
695
55788
7056
26277
9939
51750
546
331
84153
6309
4860
930
348
8676
387281
7390
718
675
29851
57697
3930
673
421
6916
11277
6154
6125
6023
29123
84343
6655
6016
2316
54
3516
6654
2313
861
79728
3845
55135
1380
1991
291
5159
10320
144568
10535
4893
8600
5155
987
3141
8328
3673
3981
87
3674
493856
1716
23495
6786
3575
7012
1719
84930
54938
5095
5096
10878
57514
2176
2177
2175
5894
2072
2178
81027
51119
64421
57572
5551
1130
975
4627
103
100
55215
5328
843
5580
79803
55120
115650
5826
55636
4952
55750
26227
375748
1493
54888
9126
11093
629
166785
65057
8742
8216
79827
5660
9213
7015
6165
5922
10559
285203
54790
3690
4068
939
1736
6204
10667
6201
4352
5781
7290
2623
23522
2811
2624
2812
10312
2629
54567
6138
64135
55869
29089
7353
10560
2187
3075
5896
5897
3078
25974
2189
2188
11234
931
6888
3207
4683
5184
1186
4179
55651
84464
157570
7403
6218
2815
29887
6813
79650
9103
3561
113235
6948
6135
5885
6899
5889
92579
9056
1312
959
2581
6575
3106
80169
100506658
8526
6223
57167
83990
4598
6229
4594
54205
79621
50943
23218
326625
8085
201595
28976
3702
8243
4790
4791
11311
79840
2120
1287
166378
948
201294
3426
219736
7466
356
355
25836
25939
950
6235
6234
6231
81494
4851
7454
2811
3207
2623
7454
3690
3690
8085
843
2581
5580
4893
54
356
355
1493
3845
100
4860
7403
