1788
90121
8425
1301
1302
79633
10297
2719
2657
9361
6125
132
6654
4784
5077
10102
9839
79867
5826
5982
699
4671
26276
9939
2296
9569
10743
4867
182
5308
57697
471
1312
3832
5950
675
2175
64324
673
3265
1954
7046
6154
7043
2263
27077
3339
2294
23483
7048
84464
5594
171023
5592
59
11020
6016
2317
4893
55109
29968
79848
9702
9573
54928
29940
10617
10664
5915
10806
50814
6655
7468
6910
144568
8036
6597
10329
4323
6607
701
55714
3984
9719
776
126792
894
26608
6138
6909
9723
5116
1717
5922
6789
57572
79728
6664
79738
57514
2176
2177
1399
113189
5894
2072
2178
2261
55212
8514
585
582
583
4212
80184
51114
1131
421
3954
92482
5277
100151683
4625
4629
9487
26160
23545
8289
25970
92335
6469
84720
4750
7372
79583
157570
26229
54539
10907
27315
57057
4624
29925
9968
7490
26227
284058
84892
1349
23556
2969
23322
9126
54880
2201
54499
8216
64220
6605
6606
145173
132884
5605
4638
6165
57167
2200
27241
285203
7092
8195
93210
3052
2563
80776
84197
6204
3845
55315
6201
650
65109
10585
5781
7290
2623
10269
55624
2626
2627
2812
63976
64132
29954
54567
166379
9184
197131
29089
7353
10560
2187
3516
129880
338917
2189
2188
8260
6888
4838
4088
6299
10847
84100
63894
27031
2218
256297
55120
55650
28952
7994
2697
26040
7042
286
148789
7403
6218
6497
9343
10000
79659
1482
5296
57545
139285
284098
284086
8076
57096
4763
1387
5885
6899
5889
92579
57492
51715
123016
2239
10084
91147
10058
55636
10082
22954
8085
6223
9897
9031
9496
83990
729920
89910
6598
6229
23384
4313
1889
10265
50945
613
2879
51057
55215
147372
79147
23522
4920
11041
70
392255
8243
8241
54585
29072
10370
9215
2121
55869
5604
1282
4853
51259
1605
6135
4000
7469
25836
2006
4851
6235
6234
7461
6231
54903
2697
2626
26227
8514
776
2627
1302
63976
113189
2563
29968
6497
29940
26229
8425
57057
7043
10102
10743
10617
6888
1301
2627
256297
5605
1482
4763
4624
