2710
5176
55180
1785
23363
23594
285489
60681
3651
5479
699
7592
6249
4868
545
10743
388662
990
5063
3767
675
57697
81620
139411
9820
7043
1756
9702
3643
2071
7253
51119
1062
3030
3032
2068
63925
10617
5913
2067
6855
1278
283120
79882
136647
8239
701
9652
25886
55835
9496
10436
22995
79728
83987
2664
84464
2176
2177
8738
2175
2072
2178
7737
2074
5000
9524
3954
4621
124512
4629
157680
23096
3508
84126
55120
51185
23389
9419
9968
10908
63901
284058
6833
3758
23325
79868
54888
56776
29089
60
9037
641339
116442
3291
9459
51021
51025
347344
8492
54968
186
65109
7552
404672
6909
26235
25821
10733
197131
2182
2187
64175
55784
2189
2188
6487
6888
2898
11141
256297
84942
4072
84466
7991
6197
9439
84061
1741
10491
5116
79791
1161
80153
5295
6499
3630
9184
83696
5889
6557
24140
3340
871
4593
25836
4204
83990
7471
170302
5805
90993
5160
1272
2645
55215
649
7102
11043
72
1277
1501
3054
54862
2332
7068
5447
11253
7469
7468
5932
4998
