1301
1302
79633
84623
2719
767
7227
55112
57560
1778
6326
547
545
2245
55768
4867
171023
3762
10522
284111
5277
7319
57728
6792
11020
1062
79738
51761
129880
10806
2254
89891
10733
2902
2904
9091
6709
9719
55835
124997
4204
79809
1859
22995
22854
7436
54928
2260
11284
1013
8514
585
582
583
80184
3745
8200
92482
150094
8450
145173
26160
79751
51057
84126
25977
158866
348980
51741
3759
153241
54888
9126
9241
2290
6928
6925
2200
27241
8195
2563
9401
658
23111
63976
147372
166379
2775
55869
9742
8573
6487
23236
64327
84100
6905
2697
26040
26235
8831
6497
5116
79659
3636
6812
5648
10369
5885
9759
4692
10087
22954
2036
3975
1759
170302
81704
7476
55212
6638
123016
8242
8243
54585
2239
2332
1281
1280
3785
78989
6334
25836
5932
55777
3981
54903
