493856
7276
6786
4512
4513
4540
4535
4514
4541
4572
79184
5373
4558
4564
4578
4567
4538
7466
4574
4575
1284
2658
1282
2982
81031
2022
4089
94
2658
2717
50485
3845
2022
4089
94
10060
2658
2717
50485
7042
2969
7112
4572
4574
4575
4578
5982
5373
11277
1373
10587
1674
9569
26608
6444
7046
4567
4564
59
7048
5592
1829
22845
2316
81031
3845
1410
2218
7139
88
9149
4558
6389
7134
7137
493856
6786
2982
5167
11235
368
2200
8048
5009
445
4624
4625
4541
4629
7273
7276
51422
7428
84665
4540
9531
5663
9031
5664
4638
11155
4538
4535
182
79184
7414
57798
2274
63976
10560
5894
10564
4607
55780
94
7168
4524
2022
6901
4088
4089
889
8076
5350
4512
4513
875
4514
1756
51816
3910
8557
70
1284
4854
1282
282996
1471
2006
6331
351
3984
28976
7461
91624
7466
83605
