124454
55687
4358
57511
1376
51
132
7389
5506
131118
7385
80222
51524
4141
5373
1374
1376
84300
3991
65080
57128
84984
284119
5468
388753
56922
51
3033
63924
10128
9997
7381
90624
1716
57511
124454
8514
6584
80184
65062
4358
23090
37
34
1537
10555
6928
3295
857
79583
2563
790955
5236
57104
30061
2110
27089
63976
2819
1355
84823
229
3077
51520
3172
5106
7840
5105
5346
5428
5424
2109
2108
2353
6497
57545
10165
9054
6341
493753
4519
4000
875
1962
208
617
55687
51099
26580
51259
64087
28976
54902
64087
56922
7381
65080
4519
90624
5428
790955
617
1537
55687
10128
4358
54902
7385
28976
84300
131118
27089
