58
7169
3679
5824
5830
5195
5828
5189
5190
5193
5192
4633
8799
57190
8504
7170
5194
55670
9409
9200
9200
1303
667
10297
10290
1962
7381
132158
10102
285362
150094
4703
5824
5828
6326
10585
1376
84300
6329
57128
284111
2705
729920
55624
7169
9179
3785
1959
170302
6792
58
2316
6567
51
6392
1666
6390
2218
10329
9091
270
3679
274
23261
9990
6389
4204
80055
90624
148789
6663
22854
10717
492
2260
7385
11284
124454
3745
157680
79147
4359
79751
7273
25977
348980
1537
4952
673
9968
51741
84892
8050
8504
2290
54499
54551
4633
6535
9037
3295
51021
11154
790955
1737
84197
1120
57107
5781
51733
27089
375748
3508
55275
29954
2775
23431
5894
8573
9409
27445
5830
5189
27235
84466
57190
85358
51807
6812
64324
7170
9054
644096
4519
5195
5194
5190
5193
5192
1759
29072
1292
1293
1291
1272
617
8799
11041
1501
57459
29925
9215
440138
1282
6261
1605
5631
6334
51091
79158
55670
54902
