23203
84623
57082
2969
767
22931
22930
55505
285489
5073
79147
9289
347733
5982
699
51117
5373
26277
4983
10585
547
545
9569
163786
10522
729920
1013
55624
27445
9662
27077
1021
9702
7443
9939
1063
1062
2068
9031
3845
51761
55755
79042
57038
51604
5913
2067
2902
2904
10329
136647
701
5605
5604
55835
124997
23261
1859
22995
83700
84879
148789
55135
26608
100506658
6664
7436
51750
2073
2071
7737
2074
80184
440
157680
5277
6576
57187
8289
51057
1641
80746
5080
673
23141
8818
84892
23322
65057
1778
25782
6496
11340
6605
79867
6925
6491
7015
7012
259266
79583
5116
6597
80776
1736
84197
55640
652
57545
404672
3897
54820
79641
5119
29954
79648
29899
10733
8573
1911
84126
26227
128637
5340
1020
18
2218
2036
55651
284403
8831
29968
10273
85378
79650
57096
9184
10369
60386
57492
92667
91147
80169
79848
4593
9896
203068
6598
81704
27229
3912
63895
283989
11041
5048
2972
8241
29925
9215
80254
1282
51010
51259
1605
9928
51091
57231
2006
5932
55777
3984
7461
2009
54903
80746
51091
283989
79042
283989
5373
