1290
1289
1277
374654
90121
114548
5190
6125
5745
285489
5479
5824
4593
5828
7050
26277
7809
6997
673
3265
6154
6440
5594
7253
2317
3845
2253
5913
5605
5604
26154
1717
54938
57514
1399
10269
64175
57572
9255
100151683
4625
3508
92335
5244
10999
286204
5972
7546
3758
8504
9126
2619
219844
5339
6165
285203
1636
183
3691
3516
6439
6204
55640
6201
9971
185
9409
2623
9509
2629
54567
55869
2187
6235
4838
1188
54968
1187
5189
84942
84466
56203
157570
10491
6218
2736
6496
5885
6557
1811
5195
5194
3239
5727
5193
5192
6223
9896
1290
6229
8928
1278
10262
613
1277
8799
84976
5205
28514
8647
8243
26503
6469
6138
1281
5830
55163
1289
6135
4000
25836
55670
6234
6231
4851
50937
1289
1281
