10060
8425
23209
55180
6016
10290
5190
23590
27286
6654
5193
54888
8546
6870
5824
5828
5980
699
7436
6249
23111
55717
26012
10743
388662
51062
3764
3832
3481
9533
6997
100144748
84634
673
139411
5468
9702
55906
6658
6392
3242
6390
6391
2316
2798
128674
2259
51761
79731
50814
2253
6655
6855
144568
79882
4893
8239
701
274
124997
23261
4204
4128
4041
55650
2664
6496
84976
8738
2072
2260
5075
51119
1139
3814
9524
7021
7020
100151683
124512
11128
9487
84061
23096
7273
9394
84720
10984
51185
641
55636
27315
23389
29925
9968
7050
9496
28514
2903
23325
79868
23129
8504
56776
54880
283120
2619
8216
60
220296
10555
641339
116442
3054
2200
8822
857
347344
8492
93210
1737
182
5696
186
5781
65109
7552
9409
767
55526
4914
23522
2583
113246
84572
29899
2182
3845
1848
5894
10564
4053
8260
6487
4838
2898
11141
26580
5189
9184
7592
2796
7991
6197
9439
2353
254065
158866
1741
2736
2737
79791
9459
139285
284098
5290
5648
4763
83696
3730
5728
5063
24140
5195
5194
3340
1615
5727
2138
5192
2033
6909
5922
55703
1756
81848
170302
8928
207
2720
4256
8799
7102
4803
11043
60675
81794
488
6866
54862
6469
2332
4668
5830
1282
78989
80153
11253
7546
55670
55780
50937
