9076
3717
55505
5896
669
64788
79633
760
2184
105259599
79848
51473
4023
226
5073
3043
8546
3047
8504
285362
1776
5825
146059
5580
3575
3123
6578
2328
421
3559
344
26277
939
57514
546
6448
2153
84153
811
4860
930
348
4864
2243
387281
2719
7390
56623
29851
3931
3930
673
100144748
915
6916
11277
9663
7040
6718
9420
10555
5468
93183
6710
3039
57728
114548
5264
931
149233
5261
3048
6392
6390
6391
1186
2799
5696
83706
147372
26160
10984
89891
2067
28395
283120
3569
595
10535
596
4893
8600
56052
987
3815
5156
5605
6708
4000
8328
3040
7099
2517
2821
2815
4282
950
5256
1716
5313
6663
55135
1718
100506658
338328
4125
5314
9780
23495
526
51750
919
7535
2072
916
6023
411
427
2074
58484
3557
64421
4210
3586
57572
80184
5009
1130
975
55112
100151683
103
100
4352
5824
4758
846
51057
843
83737
841
7066
5244
55630
1493
1535
1536
55636
3248
8813
1513
5828
27077
3098
84701
3592
153241
7132
23322
3595
335
84433
331
8742
3756
26580
5897
5660
3570
79867
6609
175
7015
7012
10020
79659
284119
1371
285203
857
54790
2057
79583
7157
4068
4069
80776
1736
3845
55315
653361
9409
55240
5788
2548
10661
7290
2623
7293
2811
2582
2624
2812
10312
2629
2819
64135
6521
7353
3073
3074
3516
9742
3077
23230
84529
22845
7840
6888
138050
6899
5184
4173
19
2990
5189
1028
4688
4689
55651
720
6775
2353
1497
286
80270
604
1161
29887
3636
57545
6813
5295
79650
5293
5290
57096
64241
64324
207
64240
10577
4615
10483
9056
1312
959
5728
92579
7167
2038
5873
5195
5194
3106
80169
5191
5190
5193
5192
1380
56244
79158
115650
4594
9414
4598
57560
8676
25939
79809
3561
51816
2720
79621
54567
8915
23218
8799
5205
8647
3702
7372
26503
4790
4791
11311
2239
3783
5604
4669
5830
3423
4853
201294
51259
10019
3425
472
356
355
64127
3988
4851
91147
55670
5551
686
25839
3981
54903
4598
