10060
55505
2969
27286
5073
9289
347733
5982
7050
161742
26277
6323
401
9569
29110
4867
3762
1312
54209
6997
203228
11020
6657
8878
4137
79738
129880
10806
2253
6853
5605
26608
84976
6786
55135
6513
7249
7248
55212
51750
421
51119
1139
585
582
583
80184
92482
2521
26160
51057
25978
641
112476
7546
3759
2619
5663
9031
10382
10381
7015
7012
27241
8195
1736
182
57107
10166
7290
2812
84570
7415
7353
23435
4838
84100
2896
27235
55651
56652
2736
6496
5297
79650
4763
6899
4613
10367
4692
80169
5727
22954
170302
8928
773
55605
6638
123016
28514
54585
6469
166379
5832
400916
80208
79158
2006
477
3984
7461
54903
50937
5982
26608
2969
9031
2006
3984
9569
7461
2521
773
54209
25978
8878
400916
2896
203228
4137
5663
6323
477
23435
7415
29110
112476
5297
27286
9289
6786
