374654
1146
9200
1144
2719
153241
9361
5745
285489
3655
9702
55112
1836
3090
699
4703
9935
171023
7809
3930
673
54499
10682
3339
6092
3039
57728
58
6016
2317
6655
6654
2294
3845
23169
26160
1387
89891
2065
5913
144568
5396
4893
9096
701
10046
9652
5604
3679
112
79809
1717
6261
6662
2304
429
2261
7531
2668
9723
1134
4621
3265
145173
10225
249
92335
7148
55636
286204
57211
26227
57217
3758
23556
627
57560
8506
5048
10653
8216
4633
219844
1908
4629
5339
3295
9321
5015
129563
1636
183
4534
3691
55640
5781
185
1785
23522
283989
2629
2187
9742
5605
7169
1188
1187
27031
867
57190
56203
26040
157570
29968
79659
2733
3636
139285
6499
2632
9184
7170
6628
64321
4613
6557
3040
1811
4000
3239
5979
1962
4593
9896
5922
7473
8929
57539
10269
1272
72
5972
2239
1280
200205
5894
1760
