374654
23435
10518
10516
5824
5828
10891
3257
7516
3854
10585
3853
54919
51062
2916
56623
7046
7043
83544
343035
203228
57728
79133
6655
6654
6653
84879
51601
10806
6591
283120
1080
190
55835
4653
60506
6389
79728
2260
200894
1406
4214
5000
80184
124590
4359
23090
23095
1848
123263
25978
23141
84892
10142
23322
55717
93589
3868
1908
4629
859
6439
84197
7415
8643
116519
374291
9742
27019
94
57096
389421
5189
90167
27130
3060
238
7170
4613
57716
91147
57654
55572
83990
57531
617
8799
11041
4508
89765
80254
1287
1286
3119
85478
7189
79719
64072
23025
2658
9200
6103
2719
1308
79848
7957
7389
23594
1832
79867
21
2035
7048
8493
6324
6323
4867
5308
163786
5922
54209
84634
261734
100134444
9662
10117
1959
6710
8291
7251
8878
3845
55755
4488
6647
1482
54332
4729
4728
6662
6663
5310
4720
4723
4722
11281
51204
8200
4541
4540
50814
26146
2571
4535
29925
7490
8504
10309
5032
5663
60401
5664
4340
129563
4538
4539
79583
3691
4536
4537
3694
8820
9409
2622
1285
3872
83861
5894
57082
1911
1910
11235
54806
221421
27031
1282
3679
2022
7042
889
3909
5216
339829
145226
5195
5194
64802
5193
5192
9896
22891
22897
8929
65250
207
779
22995
80704
392255
6866
55967
4719
5445
5444
805
9927
1767
83605
8629
8626
4308
345193
4577
4578
1545
2521
3123
389549
29110
29978
990
729920
23767
8438
100144748
120
55036
9821
6440
27077
81620
5592
1829
89781
345895
2798
6311
128674
1387
2796
2066
5002
6708
9657
93233
51360
4286
51364
148789
9782
9786
84733
128178
65217
6674
4704
23418
785
9394
4053
55636
51218
92749
112476
5376
3614
11093
3753
2296
3757
8216
4633
258
3000
440435
7287
4638
55811
55812
259266
7157
2563
7153
80776
60529
10913
161582
7292
23522
1352
79648
1355
3728
8076
51524
4830
6295
2516
1512
95681
2737
91942
4088
4089
5290
147912
9187
23639
9227
23189
27184
29954
5727
54977
50846
1892
3769
55172
7473
3914
51314
10269
3918
6736
55624
115948
5832
5830
400916
51259
1605
3549
4000
167691
351
55670
801
54903
51684
5190
6121
1610
10083
6870
4705
79147
1075
6640
54756
283
287
3762
7809
675
672
673
4567
4566
137682
59
6011
6010
2554
58
2556
6016
4647
4644
8701
2253
5158
144568
10329
2779
2995
9499
57190
9992
9997
773
6261
55130
64446
26012
79600
6303
2074
2200
9722
3814
10133
65062
778
352909
51057
378884
7373
149998
60675
6833
54768
6834
54795
1639
56683
4744
8822
4893
100131801
5781
123872
9215
79083
3178
3077
7169
1021
388389
1188
1187
2218
1181
284403
6495
6496
6491
1161
114327
57545
57010
5446
1896
30813
3730
4519
4695
4697
4514
4512
2138
2006
81848
6331
5160
23746
30008
9217
10371
1761
3786
3784
3785
5630
8481
6330
477
4724
4998
