57526
7381
7385
79147
79867
79868
7592
8869
6326
6324
10585
84153
84300
5063
284111
729920
79600
55624
5277
139411
3785
27077
2554
7443
6792
26005
2799
84706
57038
6855
10535
2904
10329
8239
9091
6709
6925
5602
4204
90624
148789
10978
2664
9786
186
200894
11284
9526
3745
65062
122961
150094
8450
103
9487
23096
79751
84720
25977
348980
79583
6323
1537
27315
29925
9968
51741
29920
84892
9197
3800
11340
641339
116442
6595
347344
11152
93210
790955
2566
84197
652
65109
7552
27089
284098
29954
64135
2775
2182
8573
6487
23236
54806
87178
11141
2218
1106
55650
6197
26040
84061
5813
158866
1741
95681
9459
1605
6812
5119
10479
57492
4519
24140
91147
1193
79848
9839
10771
1759
56623
89910
1756
170302
65250
79621
617
7102
11043
283989
11041
3054
9215
7337
166378
440138
1282
51010
11160
5631
6334
6335
11277
25939
57192
25839
54903
54902
