374654
2719
105259599
10682
2121
285489
79147
79867
699
10585
8905
4867
729920
55624
27077
9702
171023
2261
10329
2068
3845
5913
283120
57465
6597
4893
136647
701
1028
1717
148789
6664
9786
79600
2071
200894
7737
9723
80184
65062
3265
23090
6938
23545
8289
51057
10984
55636
29925
7545
26227
84892
23322
219844
2737
6605
79583
80776
84197
6598
79068
404672
2683
7291
284086
29954
51524
54806
5340
27031
2218
9184
84942
28952
95681
29968
132884
57545
57096
64324
57492
91147
79848
4593
9897
56623
65250
11041
9215
2239
1282
51259
1605
8481
63895
55640
54903
