374654
8425
5176
1303
55858
79633
10297
2969
84627
23594
10516
5479
5982
1947
55764
9569
3835
3762
5592
990
1311
121340
5147
4882
81620
29940
7046
7042
7048
57728
6023
59
2317
11107
81031
54928
1387
538
1278
5015
6597
6598
124583
126792
60681
26608
6664
51114
64175
64840
11285
5000
8450
4629
6678
8289
7148
26229
5979
649
9968
3759
23483
9031
6605
145173
176
175
4638
93587
2200
23394
65109
55151
2623
9509
64131
30008
2588
197131
10847
867
91252
26123
10491
6497
4088
5295
5290
8076
64324
5076
57492
5352
5351
871
1293
29072
1292
7471
1290
1291
10484
57539
65250
2720
112752
113189
1277
2332
1281
4853
51259
1289
8481
2006
90993
3984
7461
8642
4998
