84892
23204
1303
667
57449
10290
1020
23590
5193
22954
121512
8988
1959
79147
4703
5824
5828
10891
5376
4141
1073
4671
50717
50484
10585
547
23299
283
29978
26278
51062
10059
54209
729920
1785
23533
28982
55906
203228
5428
58
54840
8878
7317
50
25894
6310
6311
4976
2314
2066
291
59341
5189
10329
56052
113278
9499
4000
274
8139
112
54332
9990
7879
3300
2521
3475
4287
6786
6663
84876
2548
9782
2395
23175
6305
11284
427
2074
64423
10133
1337
4358
4359
7084
91137
5825
23095
3508
7273
7274
25978
55687
23064
4512
29929
4952
29925
10908
55005
2617
6647
8504
23321
8506
127833
4514
65055
8291
375790
5621
6606
6607
3295
10558
8192
84197
79581
4534
1639
4747
4744
182
3315
7415
9409
57104
166336
29954
23395
6576
3178
91574
10046
23435
10397
23230
4556
23438
29110
966
2273
16
10743
2218
3913
84466
1103
81857
90678
148789
11232
56652
9342
64419
5630
3908
5631
5216
4618
26353
81545
1890
3735
57716
5195
5194
5190
1610
5192
25923
9895
9896
81846
3977
1292
1293
65125
1291
79784
8398
6616
1272
54463
8799
81790
8557
11041
55624
9217
9215
26580
9570
5830
1282
400916
6261
1605
5446
5445
5444
6335
9517
55670
478
23025
9927
54332
9499
23204
4287
26278
4287
23204
6606
6786
84876
5631
4671
8988
8291
9499
26353
2395
8139
3977
6607
54332
81545
3315
4976
26278
8557
23204
4287
8291
9499
54332
26278
3977
