3759
10060
2717
7112
4572
4574
4575
4578
79147
1837
6327
10585
10587
1674
4867
3764
729920
55624
6444
4567
4564
5308
1829
11020
22845
57724
4878
2997
19
79738
1410
10806
2778
57644
10329
7139
1482
88
4558
9992
6389
7134
7137
148789
80184
92482
585
582
583
8048
3741
129880
55800
4624
4625
4541
4540
26160
137814
7273
51057
27010
51422
26229
29925
84665
91624
84892
3753
9531
5663
5664
9631
11155
27241
4538
8195
4535
84197
7414
57798
2626
2627
2274
63976
29954
5894
4607
7168
84100
2218
51778
140628
6901
4088
57017
123016
5350
4512
4513
4514
22954
1756
6331
776
3910
55212
57534
9049
8557
11041
70
2702
54585
9215
166379
3784
1282
1605
282996
4000
6330
83550
57158
54903
776
51422
10060
3764
