9076
1736
55505
54453
8626
5897
112744
8622
79574
5073
1832
5580
695
3122
7051
3559
26277
3854
57514
3853
545
931
930
7390
126410
2707
2706
60529
374393
10682
128178
149233
56922
10758
7389
3845
10804
80326
50814
1380
987
4893
147409
3141
6144
975
51360
26154
5566
3575
55135
5317
1855
55131
51750
64840
11285
6303
64170
8517
64421
4210
3586
57572
23495
127534
2767
84818
5339
50940
8456
3265
55806
242
3561
100
4256
23545
846
6775
5573
6772
55636
55630
7421
3592
7132
3595
65057
8742
3516
3868
121391
200879
7015
7012
285203
64581
80067
6635
643418
7099
9401
10913
3892
3891
147495
2623
3872
54567
285848
197131
3728
5896
3077
90
5654
7840
3887
3889
5818
55651
720
2697
348938
3861
126792
79650
3909
10161
4763
59344
1893
4920
4000
3106
80169
5191
326
162514
23765
6023
7474
29851
1294
4312
3914
10269
204219
617
3918
114798
54101
54345
8242
4790
4791
1281
1289
3229
3981
8481
64127
4851
84168
64087
51099
686
26191
115650
54101
55806
10804
5339
51360
2706
6303
51360
55806
7421
162514
3592
3586
149233
6775
3106
7099
3595
64127
55806
720
8242
4210
8517
8626
64840
1893
51360
1281
8626
2706
1289
5339
55630
10804
3861
6303
8626
8517
