3920
23203
50484
5979
55180
57449
10290
80821
123606
121512
8988
6870
83636
6576
5824
5828
5376
51308
1778
50717
389549
6249
23111
54756
114548
388662
26278
51062
4359
2705
2706
3930
10280
1785
9531
6843
1959
2898
5264
58
54840
2068
2146
2798
2395
128674
2259
10804
2253
2067
79882
4323
5111
4000
274
8139
54332
7879
4204
3475
375790
64423
80208
6663
26090
26012
8738
2073
2260
2074
64324
2200
8514
9150
3814
9524
1337
6253
4625
124512
91137
145173
23095
3798
7273
9394
7274
23586
2796
51185
9935
23064
55636
23389
538
80347
60675
2617
23325
54888
8504
23321
23533
127833
56776
8450
55717
60482
65055
56997
6535
3295
166336
10558
8192
8492
1639
2563
57679
4747
8820
8822
26137
3315
23395
9409
7084
3897
6687
26580
9131
2583
55129
63976
2629
64135
1848
6616
23230
11232
23438
6487
7169
5428
16
5189
26353
84942
7991
1103
9439
90678
59345
56652
6497
79791
11160
5119
5631
59341
4763
7170
83696
84839
81545
3735
3730
5354
57716
5195
5194
3340
5191
5190
5193
5192
25923
23767
9897
81846
3300
57165
9420
81848
79628
4313
5165
2643
23503
859
8799
84634
9197
57704
6866
10371
54862
5832
5830
3423
400916
291
80153
11253
3425
10084
9517
9516
55775
55670
478
9927
