5172
2710
6513
3712
2653
763
5095
788
7381
7385
80224
5826
55788
4709
3856
1373
1374
1376
84300
5096
1591
79133
60386
7253
56922
593
594
3141
275
7038
4552
90624
4728
4724
4726
4720
4723
4722
162417
6584
5009
445
25974
37
8892
8891
8890
1537
55630
51103
4535
435
126328
55005
51021
1738
2203
27247
27249
4536
4537
790955
405753
27089
8893
1806
3875
7849
229
6528
1482
18
1629
25915
152926
91942
2731
10166
36
6948
35
7173
34
388962
4519
389434
1967
55572
4594
29078
5160
2643
617
326625
166785
4729
4694
1807
4715
50506
4719
64087
374291
686
54902
6513
