90121
26608
3984
10297
2719
2657
153241
79848
6125
10060
6654
1837
51082
4784
8504
9839
79867
5824
1889
5982
5828
6578
51117
10102
10664
9569
8626
286
57728
5592
3764
1312
10058
3481
675
57697
673
1954
7046
6154
7042
27077
3756
7048
5308
79827
3248
59
3039
6016
6657
6655
55109
29968
2294
2316
9031
3845
80776
55997
5915
26160
1387
89891
51604
6910
144568
57644
6597
4893
55714
25885
6901
3040
6909
79809
9573
3476
1717
5922
2303
1718
79728
6664
526
57514
2176
2177
2175
5894
2072
2178
2261
55033
51021
8514
9723
57572
80184
1131
421
7021
55112
4625
4629
8289
137814
338917
51057
4053
55120
7372
79583
55636
8813
23384
64840
7490
26227
7547
23556
23129
23322
57560
54880
2296
54499
8216
60
2969
64220
6605
10225
55780
4638
6165
5889
2200
2201
285203
8195
5116
2563
55670
6204
203286
79068
5781
4089
9409
27125
6201
7290
2623
284086
23522
2626
2627
2812
63976
54567
2182
7353
2187
3516
9742
10564
4607
2189
2188
8260
6888
5950
7168
6299
1482
27031
5189
64324
84464
85358
7994
2697
7139
9949
157570
6218
6497
2737
79659
9533
4088
57545
139285
8076
57096
6949
6899
4613
92579
23630
11155
57492
51715
5195
91147
3239
5190
5193
5192
6223
9496
83990
29072
6598
6229
81794
10262
10269
57534
55215
8799
71
70
392255
170302
2239
6469
6138
80781
5830
29089
4853
51259
6135
4000
2006
4851
5194
6235
6234
7461
4854
6231
79228
54903
