79633
84623
767
79147
5824
347733
5828
3796
1778
10585
547
545
163786
10522
729920
55624
9662
5591
6792
1062
51761
55755
50814
2902
2218
2904
10329
10733
55835
124997
4204
1859
22995
84879
148789
11041
22854
100506658
7436
57514
7531
1013
8514
57572
23417
100151683
23545
84126
4750
3090
29925
23141
84892
55005
8504
2290
9342
10300
60
6925
6491
259266
285203
2563
3516
84197
2110
9409
54820
63976
29954
79648
54567
57082
1911
1641
7846
1021
5189
84942
2109
2108
284403
8831
26128
6497
5116
10000
79659
5296
1605
10369
5195
5194
5190
5193
5192
2036
9896
170302
81704
27229
894
147372
8799
71
5048
9215
80254
5830
1282
85378
5932
55777
55670
2009
8642
4851
