2200
5592
59
4000
10269
84984
8076
4088
7046
7042
4629
4638
7048
3717
1593
2057
5167
4000
10269
875
84984
19
10019
4023
368
4627
2717
3053
3717
2717
2969
4023
5506
5982
6640
811
348
287
3990
3762
3931
673
7046
7042
5468
7048
5592
59
149233
81031
9031
10320
7132
26608
368
10269
9722
4210
3586
4627
4629
4352
6775
3593
3592
10142
338
3595
335
3753
3757
10555
4638
2200
857
54790
2057
7157
859
7099
5781
3081
10019
7486
5894
1593
9569
5657
19
720
2353
801
4088
8076
84984
64241
64240
6945
5728
9992
4000
3106
875
64127
6330
5167
208
3053
26580
3784
3115
3425
1493
2006
6331
3984
7461
26191
805
64241
64240
335
5982
26608
2969
9031
2006
3984
9569
7461
368
5167
4000
10269
2717
1593
348
3990
