3717
2658
212
6440
3077
55505
1499
5506
5073
3043
10144
1832
5277
727897
4141
7840
26276
26277
540
57514
55764
2153
2245
348
387281
23600
56623
2706
3930
11277
6718
5468
4233
729238
57728
5265
5261
7389
10804
5157
9652
1174
7036
5256
1716
55135
51750
57511
51119
57572
23250
4358
4351
653509
841
91039
5244
50615
9414
23322
2592
65057
10555
7015
7012
3856
285203
857
7157
3458
3516
1736
182
30061
4089
2817
6499
2629
54567
3875
5551
229
2184
94
6888
5428
27031
55651
2022
148738
2353
80270
55532
57545
10165
79650
284086
5290
2632
91147
80169
324
9420
57539
3482
112752
617
79991
5205
8312
8647
26580
57817
2235
3988
950
63894
25839
4851
57511
841
7157
3482
8312
3875
5157
3856
11277
5290
324
5428
1499
4233
6888
1716
