8626
7050
5727
2260
10535
374654
8626
79848
79147
79867
7050
699
10585
84153
64093
1312
10058
729920
6997
55624
11277
27077
9702
6496
6657
9573
2253
81839
5015
10329
80199
701
84976
1717
22858
148789
421
2260
2261
9723
80184
3199
103
338917
51057
55636
29925
7546
84892
23322
2619
55714
219844
64220
5396
79583
80776
5950
84197
3897
7290
2812
29954
64135
7353
2187
4838
2218
2736
2737
57545
57096
9184
6899
91147
5727
5925
9896
8928
10075
79621
28514
11041
392255
9215
6469
1282
51259
1605
25939
54903
50937
