95681
54806
79867
65250
4337
91147
4338
79600
65062
79848
9786
56623
27077
221927
200894
54903
785
3786
8629
114327
2563
1181
2554
8629
2653
55180
7957
4571
4572
4574
4575
10243
6872
132158
5274
150094
79867
7305
26058
7054
8869
6326
95681
26275
6323
26580
25793
388662
2290
8738
4338
54209
4337
55624
4567
4566
4564
27077
2554
729920
203228
2898
6792
6392
8878
6390
6653
4137
6311
10617
79734
79882
57465
2904
10329
55737
57468
2775
6709
275
4558
6900
1822
6389
4204
6908
148789
22854
6513
9524
9570
9786
79600
200894
11284
427
9152
3746
3745
65062
4549
5277
124512
4540
23317
4758
1644
55145
378884
25977
25978
57582
1981
8996
144165
23389
29925
2896
51741
55005
283989
84892
91869
23325
54888
2593
56776
3752
56997
5663
5660
5621
23400
5664
5238
2055
6249
2563
7153
80331
84197
10667
7415
10585
5860
79751
785
29954
2629
9091
1861
84823
8573
3786
120892
6487
23236
54806
389421
5428
4830
2218
1181
7991
2892
9439
5813
348980
151
56652
51185
79791
2731
114327
54982
158
6812
1201
1200
1203
238
83696
3737
4613
6622
644096
472
1813
91147
3340
284111
79848
2741
2743
55163
1282
10939
1759
56623
170302
8929
774
65250
57531
79147
8492
11041
221927
5538
9215
54862
4668
3785
1605
11253
6334
8910
1476
351
950
80153
54903
95681
54806
79867
65250
91147
79600
65062
79848
9786
56623
27077
200894
54903
5238
