84665
10060
26608
2969
3920
7112
4572
7389
4574
4575
4578
3043
131118
10345
7456
7454
1837
5982
3123
6640
6327
6324
1374
10587
1674
9569
2010
287
387281
3762
3764
2702
6444
7046
4567
3757
7043
4564
7048
5308
2261
1829
22845
1824
7259
81031
1410
10320
2218
2771
4878
7139
1482
88
7871
4558
9992
6389
7134
7137
26154
6262
5167
23171
368
2070
1832
9722
3815
8048
3741
55800
4624
4625
4541
4540
137814
7273
845
781
2273
783
37
51422
2670
91624
3759
10142
3753
3752
5032
9244
9531
5663
9031
5664
9631
10021
11155
54795
4538
4535
859
7414
79188
57798
7292
2626
2627
2274
63976
2629
10560
3728
3077
4607
7168
3784
57644
140628
4340
1512
6901
5573
10008
23345
3060
23224
5728
5350
4000
4513
3106
4514
23529
2006
22891
775
1756
207
3910
2879
57534
5318
8557
70
801
1804
3119
282996
4512
6336
808
6330
6331
950
3984
5894
7461
26191
805
