374654
2719
55112
79867
51185
64093
4867
5592
56623
3930
1954
7046
7042
27077
29123
7048
57728
200894
59
11020
2316
79738
129880
10806
89891
79809
51360
4638
1717
6309
10752
9786
79600
2263
64840
585
582
583
80184
65062
8200
92482
23090
10225
26160
51057
7700
4750
79583
153241
23322
57560
152330
727857
54499
219844
4629
132884
6926
257
2200
27241
8195
80776
4088
658
2121
9742
51524
54806
84100
3209
83479
26123
26040
95681
2736
2737
10000
79659
5296
57545
8076
57096
64327
51715
123016
91147
79848
22954
5147
7476
57539
894
65250
55212
54585
2239
6469
166379
1280
51259
8481
54903
