10060
55505
9200
10290
7112
8425
5073
131118
10102
1832
79147
1837
26277
10587
1376
1674
4867
6444
6443
11020
5663
1829
58
22845
6390
57724
3032
3033
6392
79738
10616
129880
10806
2065
2218
1120
3030
7139
88
3679
274
6901
6389
7134
7137
55135
2720
80184
51750
92482
2070
8514
585
582
583
8048
1410
4624
4625
26160
7273
51057
2273
54539
91624
84665
1349
54344
65057
9531
4633
5664
7015
7012
11155
27241
8195
3052
2563
5236
1736
79184
7414
79188
57798
2274
63976
197131
5894
4607
7840
3920
7168
7169
5428
84100
57644
27034
57190
111
56652
6497
3728
79650
23345
7170
644096
388962
55072
123016
5350
4000
80169
22954
51086
23224
1756
3910
55212
55651
57534
8557
70
54585
166379
282996
92667
6331
28976
54903
