84665
10060
57817
2717
4594
2719
2969
3920
105259599
5095
2273
4572
4574
4514
4607
4578
3043
7381
7385
1832
5824
5982
5828
51117
4709
28976
1374
10587
25821
1674
9569
84300
51778
65080
387281
3764
5922
675
57697
64324
673
6444
84334
4567
7040
51204
5468
3756
6448
388753
5663
79133
5264
1829
91647
6016
6392
6390
6654
57724
29078
22845
81031
2799
3845
84233
1410
498
6655
291
144568
2218
4893
4634
4564
7167
7139
3984
88
2548
6901
4556
3033
6389
7134
9997
116228
493856
90624
4728
3028
4724
4726
79728
4720
4723
4722
790955
526
2395
2176
2177
368
2175
5894
2072
2178
10102
8514
6584
8048
9101
64756
617
80324
23417
4624
4625
2353
4541
4540
80224
7273
844
7274
3052
55120
10984
37
51422
1537
54539
4512
57505
3265
55750
126328
514
83550
91624
3593
1349
8243
8504
9126
1340
60528
6497
9531
8216
4633
10555
5167
5664
5605
11222
11155
1738
857
4538
11019
4535
2563
4537
7112
859
203286
100131801
79068
5781
7414
5604
9409
26235
57798
56052
2626
84464
2274
63976
1352
1376
1355
55869
29089
22868
3728
10661
2184
23230
2189
2188
7840
7137
4536
138050
7168
56945
29123
54968
5830
5189
1028
4566
2010
27235
26608
25915
148738
28958
27089
9342
91942
4558
5096
91949
4763
23522
8036
282996
5885
57107
5889
644096
6945
6341
493753
4519
4694
374291
5195
5194
3106
5191
5190
5193
5192
9896
79158
55572
83990
9031
1756
6023
85366
1294
51103
4312
3910
2720
5631
5250
55215
8799
9049
51067
8557
70
4729
84987
4575
2239
4715
26580
4668
4669
125972
5350
4719
3425
283120
4000
25836
2006
6331
4513
55670
2187
7461
7466
54902
2395
10102
138050
4669
125972
859
51778
2799
4625
51422
85366
6448
