3717
50484
9209
5657
10512
2956
5378
695
3123
4902
223117
4869
2153
3858
6224
675
2707
57697
672
2592
1493
9663
7048
6792
149233
3845
4481
3848
56244
10320
283120
595
5395
596
55737
3141
3145
4204
22854
79728
3570
2176
2177
2175
11281
2072
2178
2668
1630
4210
3586
127534
2189
23230
23317
4352
8929
55120
6775
5573
115908
4292
5979
55630
10892
51741
3593
3592
3595
2290
330
4436
5621
1908
7099
129563
54790
1981
1639
7490
7153
5774
27086
657
50514
6049
2626
2582
2624
7297
2629
29089
1591
1910
120892
2188
389421
5428
4830
27030
4072
9940
84464
80025
720
2697
604
5295
551
79651
5290
238
4613
1890
5889
6945
2130
51008
4000
6622
3106
11178
26058
79158
83990
1294
4312
204
57531
10269
57338
55215
1889
3119
7066
3115
472
64127
3988
8915
2187
26191
6792
5428
50484
22854
2290
2072
1890
4204
