1140
1146
9200
1144
1303
57082
1785
285489
10102
79147
4703
1145
4671
6326
10585
6329
163786
10059
284111
729920
55624
9662
3785
4038
55906
388753
170302
6792
58
7317
2068
55755
2065
5913
2067
375790
10324
10329
9091
10046
55835
131377
112
5495
9997
6519
22995
1717
84879
6261
2073
2261
7531
11284
2074
3745
1134
150094
6576
3954
79751
25977
348980
3090
57211
29925
51741
23141
84892
8506
127833
3800
54499
4633
79823
6606
6607
259266
4534
84197
100128927
3508
29954
2629
1355
2775
9581
6616
8573
1911
7169
1021
2218
84466
3679
1103
56203
284403
29968
6491
2733
6812
2632
59341
7170
4613
6341
493753
4692
5351
4000
4593
1759
1292
1293
1291
79648
10269
1272
6638
11041
5048
57190
9215
80254
1282
148789
1605
6334
7469
7468
26227
1760
1146
10324
1144
4593
1272
2733
3800
1134
8506
59341
131377
285489
112
5913
