64374
23064
23533
440193
8813
686
5173
215
50484
23209
84623
767
1786
5190
22931
22930
7222
4723
5111
7381
492
7385
285362
150094
5582
5824
5828
246243
146057
1778
4709
6326
10667
6323
547
10749
545
84153
84300
55572
51103
2911
10522
3766
255928
2705
729920
51651
1013
79133
10528
23533
11277
9179
9927
84947
6712
64374
150468
7443
10195
6792
25782
54840
343641
259232
23431
50
25894
6310
440193
63925
2259
51761
79042
57038
291
5611
2902
1062
10535
2904
339453
112476
27445
6709
57192
55835
124997
9711
6908
1859
22995
27089
90624
4728
4724
4726
4720
4125
4722
7436
57231
146227
2071
2261
9215
11284
2074
10134
3748
3746
6315
617
4621
5277
100151683
91137
103
6938
1938
9640
92935
55129
7545
84126
80746
91942
26090
1537
8813
57505
29925
8722
126328
10908
4361
23556
8504
6548
3752
9533
60481
56997
220296
7345
11340
10382
10717
6925
3295
2896
8192
11154
2055
11152
79944
4535
4536
4537
790955
57107
84342
57017
10585
9409
1509
80224
26235
7291
57704
1284
55275
29954
23395
64135
10733
81570
6785
374291
1593
11232
79147
95
6487
23236
4729
29078
128637
5428
2895
5189
84942
477
27235
25915
84188
23438
6687
8831
56652
5116
10273
158
54476
1200
1203
23345
5521
256471
10369
25814
10479
23064
4519
4694
5195
5194
11128
724066
5193
5192
2036
10939
55703
5621
4598
170302
81704
25939
774
91574
8398
773
3475
79621
2218
23111
10466
8799
3708
201595
283989
9197
3703
55624
4287
4715
2332
80781
154881
5830
1282
51010
4719
51741
51091
5932
55777
950
55670
79152
686
54902
6310
10908
