56652
50484
55737
11315
7345
23400
5071
6622
6872
1981
7054
26058
120892
2629
2643
27429
11232
23317
25793
5428
135138
65018
291
5159
56652
2896
50484
339453
55737
6531
5155
1981
2643
5663
5521
7345
5621
23400
5664
5071
116442
120892
6620
6908
8867
2521
4287
11152
6622
54209
80331
7054
6872
6653
26058
10939
7415
9213
203228
29110
25793
348
5805
135138
55532
2629
8398
83636
1201
10159
4204
23230
65018
23435
27429
11315
9829
23317
5428
2332
7084
8575
25978
8878
400916
6575
3798
4137
11232
80025
351
1639
478
54822
2512
291
