1778
1410
8291
11155
25923
6786
84876
9499
26353
1778
8291
1674
9517
8139
1410
81545
3315
8988
10558
51062
1140
23203
1144
1145
50484
84623
8573
1785
1786
8425
1610
285489
22954
121512
8988
55699
83636
150094
4703
5824
4593
5828
10891
5376
1778
4671
50717
6326
10585
547
23299
339453
1674
283
29978
6329
51062
10522
54209
7809
23175
10280
767
79784
5373
7043
367
4038
3339
1959
203228
7084
8291
79133
5264
6792
58
2318
54840
8878
2314
50
4137
2068
6311
410
51761
29925
80347
1013
10801
2066
538
2902
2218
57465
7436
2775
9499
4000
8139
124997
6609
54332
9711
25894
6647
7879
2521
9517
6785
4728
6786
6663
84876
4726
4720
4723
4722
9782
57231
10558
8803
11280
11284
2074
11155
3745
81857
64423
10133
1337
1130
8518
1134
1410
79147
4358
4359
91137
6576
2036
23095
80224
79751
79753
7276
2273
25977
25978
91942
55687
26090
23064
4512
5913
4535
3098
291
126328
51741
55005
2617
23556
4537
8504
23533
127833
3752
60482
65055
5663
5660
4709
6606
6607
6925
3295
8869
7915
8192
1639
4536
2904
4747
4744
84197
29110
92667
3315
7415
9409
3508
9131
23334
2896
3475
29954
23395
9091
3178
374291
6616
23435
10397
23230
11232
23438
55157
10743
29078
7169
87178
5428
1188
59341
19
1187
5189
7167
2892
84466
25915
1103
85358
55149
90678
8831
348980
59345
51807
56652
4361
6812
5446
5216
4556
26353
10369
7170
60386
84839
81545
5444
3735
9759
5354
4694
57716
5195
5194
284111
5191
5190
5193
5192
25923
2705
9896
7507
81846
55572
1759
1756
65125
170302
81704
51103
9531
1859
54463
246329
375790
8799
81790
4729
55624
9217
9215
26580
4715
2332
4669
5830
3785
4514
400916
5630
4719
5445
10908
6334
6335
6336
9516
55777
4724
55670
23025
9927
8869
