59341
3239
5744
4920
374654
1300
1301
1302
54453
114548
84623
2657
9361
55784
6654
5744
5745
7227
54888
5077
55112
1836
9126
51114
6473
5980
1778
7048
546
547
407975
2245
1947
4867
9060
3762
5592
10522
1311
5147
5144
100144748
3930
2702
1954
126792
7046
51684
7042
59
28952
3643
64374
5594
57728
64840
6792
11020
6655
6016
6392
2317
6390
6391
5307
2316
54928
3845
10617
23169
10806
2254
89891
2314
538
5159
2902
144568
8036
6595
57465
2904
4893
55636
1123
124583
1482
25886
149775
3981
4204
9723
79809
1859
9321
1717
22858
22856
22854
1855
79738
55777
50945
526
57514
1513
1399
2263
2260
2261
9469
51594
4920
51021
1139
585
582
583
57572
80184
127534
8200
92482
100151683
285590
8450
4629
6938
9487
26160
137814
51057
55212
23414
4750
79813
5573
9791
23384
9419
9968
10908
63901
3759
2778
153241
23129
57560
9241
2290
727857
60529
8216
5116
4882
5139
145173
6925
4638
257
5130
2200
27241
285203
8195
2563
1013
3516
182
4088
79068
652
5781
650
65109
129880
8643
27125
658
23111
7291
57231
2626
2627
63976
113246
64131
54567
55869
5894
9742
10013
4053
55764
10743
29123
10847
84100
860
9719
3209
2036
6197
83479
26123
2697
8831
157570
7403
2690
6497
2737
132884
79659
6492
3636
4089
5295
9451
5290
8076
59341
23522
10369
5885
6899
8514
9759
81704
57492
51715
56975
2132
2131
4000
3239
5727
22954
5925
9896
9897
5922
3480
6023
7474
2707
57539
65250
207
4094
112752
613
2879
5728
8675
123016
81794
118429
8242
8243
673
54585
10370
2121
8085
166379
1280
4853
51259
3549
7545
8481
25836
4851
4990
140628
10940
51317
57152
54903
2535
3549
8200
3239
