90121
2657
6125
9839
5982
7050
9939
26275
9569
1312
10058
2969
6997
2702
1954
6154
2294
6845
9573
64220
55997
5915
1663
6597
6598
190
4838
9652
1482
84976
6662
2303
26608
79728
6664
57514
2176
2177
2175
5894
2072
2178
4214
8514
9723
57572
1131
421
23414
100151683
7026
9487
8289
137814
338917
55120
79813
54539
55636
23384
5972
673
7490
7546
1349
23129
2736
2619
55714
9031
6605
6165
257
182
285203
1636
8195
2563
3516
6204
183
6201
185
5781
7290
2623
2626
2627
2812
63976
54567
29089
7353
2187
2189
2188
5950
6299
28952
140628
2516
84464
6218
2253
6497
6496
6499
6899
5889
6135
57492
51715
4920
10084
3239
5727
6223
9896
9897
57167
83990
675
6229
8928
10262
57697
55215
3984
28514
6736
392255
8241
3052
10370
6469
6138
1280
51741
2006
6235
6234
7461
6231
4851
50937
