3420
55857
762
2651
64802
6121
6101
24
4901
3257
4867
5148
5149
5146
3769
5145
7399
261734
5995
22926
23568
343035
6094
57728
6010
10195
84140
6017
89781
1406
10594
1412
6295
55750
5158
9657
346007
54714
5961
7439
1258
1259
583
80184
4117
1261
23418
64218
130557
4810
26146
7275
4751
167691
3614
9128
9129
3000
10210
55812
79947
5949
388939
375298
26160
9742
25794
138050
84100
27031
26121
92211
7401
79797
157657
7287
10002
57096
55975
9227
768206
145226
27130
123016
50939
6103
6102
24148
6100
8842
22897
23746
778
2979
10806
10461
392255
2780
57709
8481
23020
