546
2627
10370
2627
2697
374654
90121
26608
3984
1302
79633
10297
2719
2657
9361
6125
1837
4723
2187
2189
4222
8504
4705
4704
79867
5824
1889
5982
5828
699
4671
9126
26276
89891
9939
546
9569
10058
8626
63976
182
57728
57697
1312
5950
57217
5147
2175
3930
673
1954
6154
63895
7043
2072
27077
9702
2294
23483
2178
150468
5594
171023
79133
170302
29123
1828
6016
6657
9469
6655
6654
29968
79848
55670
2068
54928
3845
80776
10617
2317
5915
26160
50814
1663
2065
7468
6910
57539
144568
57644
6597
4893
55636
124583
55714
1482
4000
6901
126792
6389
79809
9573
3476
4729
4728
5922
4724
2303
57572
79728
4720
6664
4722
80184
57514
2176
2177
1399
613
5894
51204
2071
64840
7737
284058
11155
8514
9723
4212
64220
51114
1131
421
3954
51601
7021
9839
3265
4625
136647
145173
10225
55215
9487
8289
338917
6469
4053
123263
6628
4750
7372
91942
79583
55112
54539
10907
286204
23384
57167
9968
7490
26227
7026
1349
153241
23322
57560
6834
54880
29940
8216
219844
2737
6605
6606
6607
132884
6926
6165
2969
7547
2200
2201
285203
2812
8195
2563
4036
55315
6204
6598
100131801
79068
6201
2263
57545
65109
9409
404672
5781
7290
2623
23522
2626
2627
2625
8772
64132
64131
54567
1355
701
197131
29089
7353
10560
374291
3516
9742
4607
93
2188
8260
6888
4838
7168
6299
63894
137682
5189
9184
3209
55120
28952
26123
85358
7994
2697
84464
157570
7403
6218
79813
6497
9343
10000
79659
157680
10082
5296
4247
139285
6499
5290
57096
64324
1717
8036
5885
6899
5889
1892
57492
51715
4920
4695
2239
4697
5195
91147
3239
5190
5193
5192
6223
9896
9897
1387
55572
83990
675
9031
7139
6229
81794
5160
10262
776
894
65250
113189
9652
57534
4256
147372
8799
29072
8085
80704
70
392255
8243
55967
3052
51057
10370
4041
2121
55869
6138
1280
5830
10084
4853
51259
4719
6135
8481
7469
25836
2006
4851
5194
6235
6234
7461
4854
6231
54903
