6786
84876
26353
81545
3315
8988
2263
2255
2261
57167
3209
26580
2617
5165
1639
60482
65055
4625
26580
2617
2521
79581
80208
1639
57679
60482
10280
8985
59341
65055
91252
113278
4625
2263
2255
2261
57167
3209
26580
2617
65055
2617
90121
60482
65055
8985
59341
26353
81545
6165
8988
2521
79581
80208
1639
84876
57679
4747
6204
6223
57167
2263
6229
6201
2623
5165
10280
6154
4625
3315
26580
6125
6138
2261
6786
3209
6135
91252
6235
6234
2255
284058
6231
113278
6218
4747
284058
6204
90121
2623
6231
6138
6135
6125
6223
6154
6201
6235
6234
6229
6165
6218
6204
90121
2623
6231
6138
6135
6125
6223
6154
6201
6235
6234
6229
6165
6218
26580
2617
80208
65055
8985
91252
