3920
212
9200
10564
2710
27286
6121
150094
9289
80224
55780
79868
1947
4709
6326
546
6247
5063
284111
2705
139411
265
10682
79133
128178
6792
58
6658
2316
6567
123041
3052
4487
80326
50814
6855
6853
2904
1121
8239
9091
6709
3679
7039
4204
5251
4729
4728
3028
6662
4724
22854
4726
4720
4723
4722
2664
6197
2260
64840
11284
3664
3745
5277
9313
23096
79751
4810
2273
25977
5083
8517
1741
54539
51103
126328
51741
1349
4537
2290
54880
7592
4633
641339
116442
347344
11152
4535
4536
23676
186
65109
7552
8085
2332
2775
55869
2182
4054
374291
8573
10013
9622
8260
6487
23236
7169
11141
256764
90167
25915
84061
348980
7403
91942
9459
5297
139285
6812
1288
7170
1896
10479
4694
24140
5358
55572
1759
1756
170302
29078
5160
5165
5631
7102
11043
6736
8313
4040
3054
57190
4715
1287
152816
3785
9968
2235
4719
6334
8481
7355
