59067
3586
695
3588
3587
2000
9051
3588
59067
3110
3586
3587
84818
3561
23765
112744
6772
10758
64581
64170
4261
84818
64581
8625
23765
57724
112744
6772
10758
5994
3561
326
5993
64170
55851
59067
3586
695
3588
1130
3110
5663
9051
3587
55851
59067
2706
3586
3587
3588
1130
1535
4688
3110
5663
1536
2000
1075
9051
10804
695
4689
653361
5663
55851
55851
4261
8625
8742
5663
84818
6772
9051
4689
59067
64581
5580
2324
1075
1535
23495
326
57165
653361
931
930
112744
23765
64170
1130
3586
3587
3588
113189
29851
2706
975
987
5994
5993
4790
4791
3561
1828
695
57724
3426
4688
3110
10758
1536
2000
7424
29940
10804
686
1380
115650
84818
64581
23765
112744
6772
10758
64170
4261
84818
64581
8625
23765
57724
112744
6772
10758
5994
3561
326
5993
64170
