84665
10060
50484
7112
6640
6327
6324
10587
1674
2010
287
3762
3764
2702
6444
4567
9531
5308
1829
22845
4878
1410
7139
1482
88
7871
6901
9992
6389
7134
7137
23171
9722
8048
3741
55800
4624
4625
137814
2274
781
2273
783
788
51422
91624
3759
10142
3753
3752
3757
5663
5664
9631
10021
11155
54795
859
5781
7414
189
57798
2626
2627
7273
63976
5894
4607
7168
2218
140628
2697
10008
5350
1756
775
3910
8557
70
673
4509
1760
3784
282996
6336
6330
6331
801
805
1482
6324
6331
54795
1482
6324
6331
54795
54795
50484
673
1482
6324
4567
5781
5894
4509
6331
775
54795
3764
781
783
3752
10008
4878
2702
7871
6324
6336
23171
6331
55800
2697
1760
10021
