90121
2969
10060
6125
7112
6873
1837
5982
55780
10587
1674
9569
23118
4867
3764
6444
7046
6154
7042
59
7048
11020
57728
60
5592
1829
151648
22845
2316
79738
129880
10806
2218
4851
1909
7139
88
6901
126792
6389
7134
9496
26608
80184
92482
2200
8514
585
582
583
2201
8048
1410
4624
4625
4629
26160
7273
79753
51057
55212
26229
284058
84665
54880
9531
5663
9031
5664
4638
6165
11155
27241
8195
2563
6204
6201
7414
6909
2623
55764
2274
63976
6138
5894
10564
4607
8260
7168
84100
57644
867
6218
6497
57798
4088
8076
123016
5350
4000
22954
6223
7137
1756
6229
57539
4091
3910
112752
57534
6235
8557
71
70
54585
166379
282996
6135
2006
6331
3984
6234
7461
91624
6231
54903
