89884
5172
10060
3984
50484
79633
6016
2969
9361
23363
4572
51119
23594
6664
7227
4578
9702
6870
5824
2488
2138
5982
10892
699
389549
546
5075
54756
545
9569
3762
3764
990
1311
23767
3480
2706
84634
673
4567
9820
4564
1482
3339
3643
81620
150468
29123
7253
2317
6655
1062
2798
128674
10804
4574
1387
2253
51604
84701
5159
144568
8036
6595
6597
4893
55636
4322
701
5605
950
6905
55835
4558
3295
4204
51360
51199
4041
6663
26608
1855
4125
3479
26012
79048
3845
2260
1962
9469
51594
4598
8514
5000
3814
283120
8200
3954
100151683
4541
4538
10225
8289
4758
7704
9394
84126
2796
4297
695
641
9791
5828
3265
6654
10908
3759
54888
8504
9126
55717
4514
8216
9031
6605
4540
176
175
2200
2000
1588
51025
4535
2563
8822
6598
8820
652
5781
5604
2688
9409
658
83932
23522
4054
63976
2629
147372
2332
9184
254394
197131
1848
7849
10847
5189
1028
83987
6197
2697
1497
1747
2693
2692
2690
6497
5116
132884
9719
89884
3636
5295
9451
59341
64324
5885
9056
3730
57492
26229
4920
2131
5195
5194
7200
5190
5193
5192
10733
3481
7468
5922
4575
81848
6023
7474
4990
4318
2879
22995
8799
60675
8243
6866
4509
10371
2121
55869
91179
1804
5832
1280
5830
7068
7067
3549
4512
7469
25836
2006
5932
84168
4513
55670
5894
7461
3981
4998
100151683
