2710
1146
79633
84623
8985
22930
23592
3651
5277
8091
1778
6249
547
55180
9935
10522
3767
4853
29940
27445
22931
7319
10847
10752
2902
283120
79882
57465
2904
4208
1859
1855
6309
8738
2077
1013
9524
9439
3954
124512
9487
84720
79813
51185
27315
23389
6833
23325
54888
9126
152330
117581
56776
60529
3756
25782
9037
6925
8492
93210
1501
652
27125
7291
55869
6487
1917
128637
2898
64327
388662
7991
7994
8831
79791
284098
3630
5648
10369
5885
83696
9759
4920
2132
3340
55650
2036
25836
7474
81704
55777
113189
2645
246329
6638
4692
8243
54862
51317
78989
80153
11253
7469
7468
4990
8642
