9184
699
9702
701
79633
84623
10564
57526
767
9361
22931
5925
8573
7381
6873
7385
11160
150094
79867
347733
7841
699
1778
6249
9839
6324
6323
547
51185
84153
84300
1947
388662
51062
5591
2290
9786
4338
54209
4337
113612
57165
673
5518
11277
55703
9179
27077
1499
9702
729920
171023
7443
2261
6792
22930
6657
50
9091
2316
2554
6535
3845
10617
51761
5917
1013
57038
5859
2902
79882
10535
57465
2904
10329
4851
57468
85476
701
55180
6709
271
55835
124997
80208
4204
1859
51360
27089
1717
84879
148789
10978
22854
6664
57688
80184
7436
57514
790955
8738
79600
200894
7531
11284
1654
79042
124454
8514
440
57572
9524
3745
65062
9662
5277
3800
124512
11128
103
23259
2036
55755
8289
79751
79753
51057
22978
25977
80746
57582
7305
79791
1537
54539
3090
23389
29925
51741
23141
29920
84892
1349
23325
3796
54888
23322
26005
56776
23126
54880
60529
54499
10300
25782
5660
11340
6605
10381
6925
3295
259266
11154
285203
27245
6326
2563
6597
80776
2566
84197
6598
26137
5604
10585
26235
80254
57704
63976
55275
29954
79648
54567
64135
2775
4774
91574
7355
3516
57082
1911
7846
8260
6487
23236
5605
54806
128637
1021
2898
22995
10743
2218
80222
84942
79583
7991
10717
2752
81857
9439
51124
26040
6491
284403
8831
348980
26128
166378
95681
6497
7280
10000
9533
5296
57545
6812
5119
11253
57096
9184
163786
10369
83696
8492
27445
10522
57492
85440
4519
51091
91147
3340
1615
79848
1962
9895
1282
283989
1759
56623
89910
170302
81704
25939
6997
894
65250
79621
23503
617
79147
29899
11041
5048
90624
55624
3052
9215
54862
9915
154881
56945
3785
51010
8642
51259
1605
23431
6334
6335
55005
55777
200205
79152
284111
55780
25839
80153
54903
54902
