374654
84623
2969
55343
22931
22930
10518
4574
4514
4578
5073
6653
132158
9839
2521
7305
5982
10891
6647
1778
26277
4983
546
547
8905
9569
283
23025
29978
10522
54209
9533
7399
673
64072
9179
4564
4572
203228
171023
60
7443
6792
22845
8878
57724
50
4644
4137
2068
6311
3845
50814
57038
2066
2067
2902
57465
2904
136647
9096
57468
113278
4647
5605
271
4208
4558
4552
4204
1859
51360
493856
80208
10978
22854
26608
100506658
6515
9782
51750
6309
2073
2071
7737
79042
8517
8514
9150
10133
25861
4535
124590
65217
5277
3265
23395
145173
9487
92935
54941
5630
25974
79955
80746
79813
57582
4541
3090
23384
55630
7403
27249
29925
55005
7015
9126
4540
2290
65057
54499
11128
5663
25782
9031
11340
6928
5664
6925
3295
1736
8192
11154
4538
79581
1639
2563
57679
4744
29110
7531
652
84059
5604
6323
404672
340533
6687
10166
79751
57231
2583
63976
29954
7415
55869
3178
23431
2776
23435
8573
23230
3172
2074
23236
128637
54968
860
2896
25978
6197
26123
85358
23438
501
8831
26128
56652
6497
11160
5216
5521
10585
10369
5885
3064
10717
10479
4693
4512
4001
5191
1013
1610
10083
2036
9896
3975
3181
55703
4598
170302
81704
27229
774
55777
79147
283989
71
5048
8243
55624
4575
9217
9215
7337
8085
2332
51010
400916
85378
5446
5445
5444
51091
25836
2006
351
4513
3984
4567
7461
4854
7466
4582
3178
3181
7415
3178
3181
7415
