30009
5580
7050
161582
54919
931
930
4867
6329
11005
1312
4838
29851
6997
55036
7040
79977
51164
11020
345895
2312
7259
2068
8701
79738
129880
10806
1380
84701
1080
136647
987
93233
84976
6785
51364
23495
55130
64446
421
83544
2071
7737
585
582
583
3815
80184
6674
100151683
100
352909
26160
51057
27019
841
2253
115948
92749
7546
54768
54888
10309
8742
2619
5336
5238
27241
975
8195
54585
56683
123872
404672
7290
2812
6804
166379
30009
7353
83861
221421
7840
6888
6356
7080
388389
5184
84100
2622
2736
6496
23639
6899
123016
6103
5727
22954
3977
55172
81704
8928
55212
1767
28514
4790
4791
89765
339829
6469
1041
85478
3423
3981
8481
115650
50937
92482
54903
51314
