374654
81839
2737
5395
1080
79633
8626
2969
10653
9361
9031
6391
4292
6389
59067
5378
8195
5982
3815
158326
657
9401
4689
57167
6224
4089
653361
2245
80199
9209
26608
3586
3587
3588
54880
6804
147372
3689
2006
197131
4072
7040
5290
9569
4436
2956
5156
8260
7048
6794
51164
26585
6299
6390
27030
4688
3110
8425
1536
1535
6197
3845
2022
3984
7461
8425
1080
4089
54880
9031
5982
26608
657
79633
9569
2969
6804
147372
7040
8260
6794
51164
6197
2006
2022
3984
7461
6794
6391
5378
5395
3815
6390
27030
9209
5290
4072
657
4436
3845
6224
26585
2956
5156
6389
7048
4292
3689
81839
3586
3587
3588
80199
59067
4688
4689
1536
1535
653361
374654
59067
2737
6299
3586
3587
3588
8626
8195
10653
3110
197131
9401
57167
158326
9361
158326
59067
2737
374654
6299
3586
3587
3588
8626
8195
10653
3110
197131
9401
57167
2245
9361
2245
6299
