1140
9200
1144
1145
23594
285489
3557
6576
21
161582
1376
4867
6329
990
57128
6440
83544
4038
81620
11020
58
345895
8701
79738
129880
10806
5913
375790
5396
3679
3675
93233
51364
6662
55130
64446
2108
55036
162417
2260
585
582
583
80184
1134
6674
352909
26160
51057
27019
8813
92749
54768
10309
11093
127833
4633
5015
27241
8195
56683
6439
2263
2110
54919
501
2622
2629
115948
83861
6616
123872
7080
7169
388389
5000
84100
2109
57190
221421
1103
7994
23639
7170
9054
123016
6103
22954
4593
55172
55212
326625
166785
54585
89765
339829
166379
1280
85478
1767
8481
51660
54903
1760
168667
92482
4998
51314
