50484
763
4564
23590
4571
4572
4574
4575
4577
4578
7381
10102
4705
80222
6834
10667
25821
84300
65080
2998
3939
23479
84987
4567
4566
137682
388753
79133
84334
6392
6390
50640
51601
498
84705
57038
291
10128
4558
4556
6389
9997
116228
90624
4728
4724
4720
4723
4722
51117
4967
51204
7385
124454
51021
57570
64756
4549
80324
4704
4541
4540
39
22868
123263
1537
57505
55750
514
55005
11093
1340
3295
11222
8192
4538
11019
4535
4536
4537
790955
100131801
57107
23395
26235
9131
1352
1355
246243
374291
11232
23438
51067
5428
91647
54968
84947
27235
28958
27089
56652
91942
57017
119559
644096
1892
6341
493753
4519
4695
4697
4512
4513
4514
55572
5160
617
55687
80704
4729
55967
4508
91574
56945
55163
85476
400916
4719
51660
5091
54902
