50484
57449
1785
80821
5193
10342
121512
55699
5274
83636
2521
5824
5828
10891
5376
4141
1778
50717
283
29978
26278
51062
54209
2705
9531
1959
203228
5428
54840
8878
25894
6311
2066
538
8139
54332
3300
6663
26090
9782
6305
64423
10133
1337
4359
91137
23095
3798
3508
8898
25978
23064
291
2617
6647
8504
23533
65055
23400
10558
857
1639
4747
4744
3315
7415
9409
9131
3178
23435
10397
11232
29110
7084
16
5189
26353
81857
90678
56652
2632
5216
59341
8565
59345
3735
1890
57716
4000
5194
5190
1610
5192
25923
9896
81846
57165
9420
79628
5631
8799
22948
9217
91574
4668
4669
5830
400916
5630
5446
5445
5444
5195
9517
9516
200205
55670
23025
9927
56652
7084
50484
9420
11232
291
5428
23064
23533
50717
