1280
374654
1301
1302
23363
3417
5745
60681
3418
5479
55112
1836
4148
6473
9060
3977
1311
121340
5144
3930
9820
4038
3339
57728
6399
54
5176
1297
23169
26160
89891
55733
9719
126792
79809
1717
22858
6662
1855
64175
2261
51594
8200
100151683
145173
249
6678
5573
649
63901
153241
9126
5116
60
219844
2737
10225
176
9321
2200
51025
55151
658
9509
55869
57560
9742
26227
1028
83987
2752
26123
26040
10491
29968
79659
3835
59341
5885
4921
4920
2132
2131
10082
871
1298
1299
324
7471
6023
7474
4882
7476
1278
1277
56975
118429
8243
1280
3549
25836
90993
