3717
6391
2717
210
64788
114548
2969
5078
4574
4023
5657
10512
2984
3651
8864
5277
2521
5982
10892
4902
223117
3257
1371
50484
7512
4578
2153
9569
4594
3767
338328
672
710
1493
4567
4564
1499
10686
6794
149233
89781
6390
2492
4572
6392
4436
2022
10599
51604
4575
28395
10320
283120
3569
5395
1080
9096
950
5498
3145
4558
7132
28234
4041
6663
26608
3570
7249
7248
11281
64840
2668
4210
3586
3815
2767
23230
23417
1776
4541
4538
5774
4352
846
6775
1649
4292
640
5979
1244
2161
6833
3592
3595
330
8462
9031
1908
4540
6927
5589
129563
54790
2057
30061
4535
7490
7153
7099
27086
657
2629
1357
11231
11330
10019
3074
229
1910
2956
3172
1991
389421
5428
1188
4830
720
1453
6690
4089
3630
9101
4760
238
64241
64240
4613
1890
5644
5728
1056
4512
5645
3106
6559
4514
324
2006
4598
8929
4282
26873
57531
2645
9049
1889
2130
26060
3115
91662
64127
3988
4513
3984
7461
26191
64788
3074
2161
4023
338328
210
9096
