8425
1146
1144
79848
498
285489
5076
8504
55112
1836
5824
5828
80144
10058
56623
3930
27077
3339
57728
55670
9573
5915
26160
50814
89891
5913
79809
1717
6261
5314
9786
79600
200894
8516
80184
65062
64756
1134
79867
338917
51057
4750
79583
5979
57505
57211
514
26227
153241
23322
57560
54880
55714
64220
1636
8195
80776
341640
183
185
2110
9409
284086
23522
9742
8260
26281
5950
54806
91647
27031
5189
2109
2108
27130
95681
29968
79659
2733
57545
57096
23426
56975
5195
91147
5190
5193
5192
4593
3977
7473
23384
57539
65250
10269
8799
5972
392255
6469
5830
51259
4000
5194
63895
168667
54903
