9499
4703
58
23534
7169
4000
3315
10908
23345
59341
26353
7170
79188
81545
121512
8988
23224
8557
26580
2617
65055
11155
9499
59341
4000
23345
59341
23224
79188
26353
3315
81545
8988
1303
50484
57449
10290
7072
121512
8988
83636
4703
10891
5376
1778
50717
1674
283
29978
26278
51062
54209
2705
10280
1785
28982
1959
203228
7084
58
8878
2992
203859
1410
2066
538
9499
274
8139
54332
7879
80208
6663
9782
6311
10558
64423
10133
4620
4358
4359
91137
2521
23095
3508
7273
8898
25978
23064
3098
10908
4625
2617
6647
60482
65055
8291
10020
11155
1639
57679
4747
4744
3315
7415
79188
8106
3178
23435
10397
29110
5216
7169
5428
16
26353
2892
84466
81857
90678
23533
23534
5631
23345
59341
8565
7170
84839
81545
1890
23224
57716
4000
1610
25923
9896
81846
51651
1292
1293
1291
79628
8557
9217
26580
4668
400916
5630
5446
5445
5444
9517
9516
23025
9927
26353
3315
81545
8988
