4720
4577
4578
10342
5071
5076
5274
4705
4704
2521
7305
5621
5903
10667
6323
29110
4338
54209
4337
7443
4567
4566
9179
137682
203228
388753
79133
8878
4137
2068
63925
135138
65018
51601
79042
57038
2067
57465
9096
57468
10128
6389
9997
6908
4729
4728
4724
6515
4723
4722
10717
2073
51204
2074
4541
4540
23317
79751
123263
80746
57582
6834
5663
7345
11340
27429
3295
11154
4538
1981
79944
4535
4536
4537
100131801
7415
2110
55737
1436
1352
2629
1355
23431
374291
23435
120892
23236
5428
2896
25978
2109
2108
91942
551
3064
6622
1892
6341
493753
4695
4697
4001
1962
26058
55572
170302
5160
8398
617
283989
80704
221927
11315
55967
4508
4287
51010
400916
4719
51091
1981
6622
55737
2629
26058
7345
135138
65018
27429
11315
5071
120892
23317
388753
6341
7443
493753
51010
5621
1355
283989
11340
57038
9997
