22931
22930
3329
5277
699
6326
10585
84153
10058
729920
55624
11277
3785
9702
171023
6792
7314
9573
5915
79042
2067
10535
2904
10329
9091
6709
4204
2068
6785
148789
22854
100506658
2073
2261
11284
2074
57477
3745
150094
103
79751
338917
2271
25977
80746
348980
29925
51741
54820
84892
2290
55714
25782
64220
84197
29954
64135
2775
8573
6487
23236
5950
128637
2218
51807
10000
5296
6812
9184
1193
284111
701
1759
170302
894
79621
79147
283989
11041
392255
9215
6469
1282
3423
1605
6334
51091
471
25939
