51360
29968
3229
117581
8626
2706
80144
341640
673
5605
5604
3845
121391
54345
10804
54101
23426
3891
26227
29968
117581
8626
147409
10161
5605
5604
121391
60401
6144
200879
23426
1896
51360
8092
80144
341640
26137
367
3891
348
147495
2706
673
54101
54345
6635
3229
3845
10804
26227
51360
29968
3229
117581
8626
2706
80144
341640
673
5605
5604
26137
3845
121391
54345
10804
367
23426
3891
54101
26227
10804
348
147409
10161
200879
26137
6144
10804
6635
147495
51360
3229
60401
117581
80144
341640
673
5605
5604
3845
121391
54345
54101
23426
3891
1896
8092
