95681
54806
79867
65250
91147
79600
65062
79848
9786
56623
27077
200894
54903
283120
134701
80199
84667
6628
23426
5077
80144
341640
6309
64840
3481
3955
8312
10683
2316
10984
8481
50814
168667
145873
57216
95681
84667
51259
134701
23322
4893
57545
80199
57688
283120
79848
57096
50814
6628
10683
23426
5077
79583
79147
79867
148789
91147
80144
80776
341640
80184
6309
9786
79600
10585
200894
7476
65250
3481
56623
29954
65062
3955
55624
51057
8312
27077
23090
51524
9215
54806
64840
2316
10984
2218
8481
54903
29925
4854
168667
145873
57216
95681
54806
51259
79867
65250
79583
80184
57545
79600
65062
79848
54903
56623
91147
27077
23090
200894
51524
7476
9786
