55180
8573
5075
9839
79868
7592
6249
10586
388662
163786
5063
56623
139411
1950
10682
55755
6855
79882
8239
55835
4204
22995
84879
7991
2664
8738
2263
2261
1139
9524
124512
23096
4810
51185
9791
23389
9968
23141
23325
54888
23322
56776
80254
10381
641339
6491
116442
259266
347344
8492
186
65109
7552
7291
79648
2182
57082
1911
6487
54805
1021
2898
11141
25914
6197
85358
9439
84061
284403
1741
79791
9459
57545
83696
5728
24140
91147
3340
2138
1756
170302
207
7102
11043
3054
54862
2332
80153
11253
9662
