374654
80169
1301
10297
2969
153241
9361
23594
7227
3043
60681
5479
55112
4148
6473
546
9569
760
387281
990
1311
673
1954
7040
1497
3339
81620
57728
2316
5176
54928
3845
411
26160
89891
538
8600
4322
5605
5604
126792
4952
9496
79809
26608
3835
64175
9469
5000
157680
26229
5982
7421
649
579
57560
54880
9031
176
2200
1588
26137
10312
84572
64135
2588
9742
8260
5184
1186
860
54808
4763
10491
6497
132884
79659
29887
9451
59341
64324
51715
2132
2131
875
871
1298
1299
3977
29072
7471
1297
1278
2720
1277
23586
2121
1280
3425
2006
90993
3984
83452
7461
4853
4998
