7124
6323
477
773
112476
90121
2658
114548
4564
3717
6125
4572
4574
5193
4578
8864
5824
6575
5828
6326
6323
23600
100144748
4853
11277
6154
3785
7124
149233
6392
6390
6391
2022
25953
4575
5159
5395
6597
6598
5155
4558
6900
7132
773
6786
6513
9663
2263
2261
2077
4210
3586
3815
4541
4538
4352
7148
6775
6507
4292
112476
83550
7428
3593
3592
1493
8504
3595
4436
4540
6165
54790
2057
5230
4535
7099
6204
6201
9409
2623
2624
4567
10019
340024
4771
5657
2956
94
5428
5189
720
1453
6218
151
56652
2639
7291
4089
6235
5290
9101
207
4615
6945
4693
5195
4513
3106
3786
5190
4514
5192
6223
5921
4598
6229
51816
5728
8799
9049
9213
4041
6138
1281
5830
1282
7066
3115
1289
6135
4512
64127
477
351
5194
55670
6234
4854
6231
26191
773
1282
6323
477
7124
112476
