3717
2658
5176
23590
4572
4574
4575
4578
5073
3043
4784
60681
5479
1832
5826
727897
3123
94
3856
51750
387281
1490
4567
6440
4564
5468
3339
729238
59
2316
498
1278
3777
1235
8600
9719
4558
9496
2542
54938
57514
64175
2261
9469
8517
3663
57572
23250
4541
4540
1277
4352
653509
91039
440275
54539
8815
23384
649
3593
1349
10144
2294
10555
7015
7012
2200
285203
857
51025
27247
4535
3516
6439
659
2627
10312
2629
54567
3875
4538
7840
1186
79932
2022
2697
2353
10491
29887
4089
92579
6945
4512
950
3106
4514
871
9896
6909
3977
7471
4093
776
79991
4256
3052
26580
7066
3425
64127
3988
90993
4513
4851
