374654
10060
84623
55690
51305
79867
347733
51524
1778
547
401
4867
9786
56623
1954
27077
29123
5594
54928
5147
1387
6605
2902
6595
2904
6598
10128
9496
1859
7403
22856
6664
1399
79600
200894
9469
1013
9723
80184
10978
65062
3954
7021
23090
9487
8289
84720
79813
54539
55636
27315
23384
1349
23322
9126
117581
54880
23483
54499
60
6928
10381
6925
79583
93210
6597
23334
113246
55869
8260
54806
5818
55650
6197
26123
84188
8831
26128
95681
57545
284098
5648
10369
5885
9759
10522
57492
51715
56975
91147
79848
2036
25836
3975
6909
84570
81704
9427
65250
55605
613
80816
71
8243
3052
8085
78989
51259
8481
7469
7468
55777
54903
