5172
153241
79659
57560
6813
5205
2038
132
5213
7253
5589
222546
8504
79809
6007
55112
1716
6006
5313
5828
6718
5190
5193
5192
26276
6309
10661
1376
8676
9409
10165
286
28234
2817
8647
23600
2876
54658
3930
6005
8799
55687
5195
5551
9742
63894
1482
11231
229
26503
26160
6710
5824
57728
6521
5830
6708
201294
5189
4041
2539
9414
1244
5194
55670
7849
3098
10599
89891
80270
54658
6006
6007
2817
6005
5313
54658
2539
57728
79809
153241
10599
79659
57560
28234
5205
26276
55112
9414
1244
9742
63894
8647
26160
26503
89891
2876
2817
4041
201294
5589
5551
8676
1376
11231
6813
5213
