50484
8622
5071
120892
8867
150094
6575
7054
6326
339453
84153
80025
55532
3939
284111
11277
27429
9829
203228
5428
6792
58
8878
4137
6311
135138
65018
1410
291
5159
10535
9096
5155
9091
7138
4204
6908
26154
4287
6261
6515
11284
57338
3745
103
23317
1436
25977
25978
348980
11152
80347
3752
5663
7345
10382
23400
6531
6609
116442
1981
1639
9213
7415
1509
55737
79751
10159
1356
64135
2775
8573
5654
25793
7084
2896
11232
5621
2512
56652
2639
6812
3064
6622
54209
26058
1759
57165
170302
5805
2629
8398
79621
9445
2643
779
80704
221927
11315
3785
51741
6334
25939
5621
10159
3752
116442
1356
339453
