55180
767
132
7381
6873
7385
79147
6576
79868
2664
6249
10585
25821
84300
388662
163786
5063
729920
8635
55624
139411
9662
7319
51761
55755
6855
79882
6595
55084
1120
8239
55835
124997
4204
22995
90624
84879
148789
7991
7436
8738
9524
24137
124512
23096
11152
1537
23389
9968
23141
284058
84892
23325
54888
9126
127833
56776
7592
375790
10382
641339
79791
116442
259266
347344
8492
790955
1737
84197
10329
186
65109
7552
27089
54862
29954
79648
55869
2182
6616
57082
1911
6487
1021
2898
11141
2895
2218
25914
6197
1103
9439
84061
284403
1741
51185
6491
9459
80153
5119
5885
83696
57492
4519
24140
3340
57165
1756
170302
617
7102
11043
11041
8243
3054
9215
80254
1282
1605
11253
25836
54902
