8629
57526
7957
4571
4572
4574
4575
150094
699
7592
6326
6324
6323
5063
284111
139411
4567
4566
4564
2554
9702
701
6792
6900
6855
57465
2904
8239
9091
6709
4558
5602
4204
6785
22854
2664
11284
427
3745
4549
5277
4540
23096
79751
785
378884
25977
348980
144165
9968
51741
54820
79868
2290
641339
116442
7915
347344
2563
2566
186
65109
7552
501
166336
2629
2775
2182
8573
6529
6487
23236
11141
2896
1181
1106
6197
51124
84061
1741
151
9459
114327
10166
6812
9184
256471
24140
950
10939
1759
1756
170302
2720
112755
7102
11043
221927
3054
3786
154881
3785
6334
6335
1476
