3717
2658
212
55858
2184
10699
132
1962
7840
3043
7381
8504
5825
5824
5580
5828
4141
5373
94
26276
50484
1374
1376
84153
51067
930
65080
387281
1798
23600
56623
29851
3930
673
11277
6718
1738
5265
5261
22845
51
3032
4485
63894
5696
10616
51601
1380
291
2778
10320
10535
3030
987
7036
7132
2542
90624
1716
100506658
23495
6309
57511
2072
7385
51119
8647
28395
6584
2859
22909
4358
103
5244
788
34
1537
8813
29929
23322
8742
6928
178
6925
3295
11222
51021
182
975
931
790955
5236
57104
84342
9971
4089
9409
26235
2817
79644
2153
2819
64135
229
3077
51520
23230
11232
3172
84300
5428
5424
5189
2022
27232
27089
80270
56652
55532
57545
10165
9451
55072
4519
5195
91147
3106
875
5190
5193
5192
3975
9420
4598
51816
79621
617
8799
55687
55768
5205
54344
5256
284119
4790
4791
5830
80324
2235
219736
472
8481
2538
25939
5194
55670
28976
25839
115650
54902
8647
5205
9971
5244
84342
29929
