374654
10512
5077
9839
79867
8260
4902
223117
546
4867
1312
56623
2706
27077
6023
11020
79738
3845
5147
92482
10806
1387
6591
126792
51360
1717
6663
79728
79600
429
57531
2176
2177
9786
2175
421
2072
2178
200894
2668
585
582
583
3815
80184
65062
129880
23090
9487
26160
51057
84720
55120
79583
5979
27315
627
23322
54880
2294
6535
1908
27241
8195
93210
7153
3897
7290
2623
2812
29089
7353
2187
1910
2189
2188
51524
54806
389421
84100
55650
84464
83479
26123
26128
95681
2737
57545
284098
238
6899
10804
5889
4613
123016
91147
79848
22954
57167
83990
675
170302
8929
10262
57697
65250
55212
55215
72
1889
4286
54585
166379
51259
8481
54903
6663
