9255
2710
2717
210
3712
64788
5095
4572
4574
4023
10512
3418
4306
9839
80224
388962
3251
4902
4709
8869
1371
50484
1373
546
4578
1376
50640
197322
5096
338328
673
1956
4567
4564
7124
79133
10195
2316
56922
53
3845
4575
593
594
5019
5605
3141
5498
3145
4558
4729
4728
4724
4726
4720
4723
4722
525
25915
162417
2668
6584
5009
9255
8518
23417
383
4358
445
4541
4540
249
4351
38
37
326625
34
5979
51103
435
126328
112476
3758
54888
2592
79827
6535
223117
1908
8694
6609
5373
4538
4535
4536
4537
1585
10166
2110
6323
2582
2581
26873
728294
374291
229
1910
5428
5604
1629
2109
2108
51128
85358
152926
91942
554
1288
6948
1890
9056
6340
6557
4694
4512
4513
50617
4514
50674
55572
4594
4598
29078
79783
773
55687
6868
72
1889
166785
1717
710
1716
4715
1287
5832
440138
2161
4719
6337
3988
477
64087
1591
686
6338
3981
359
2710
54888
10166
4572
4574
4575
4558
4578
3418
4538
4512
4513
4514
50640
728294
4567
4564
4541
4540
85358
4535
3981
