1141
8629
8573
57526
7957
4572
4574
4575
4578
150094
9289
699
8869
6326
6324
6323
9681
11284
284111
3930
4567
4564
2554
9702
701
6792
27286
2997
84706
57465
2904
3778
9091
6709
4558
6900
6513
1392
3745
1137
1135
5277
4541
4540
79751
785
378884
25977
57582
6507
144165
51741
7915
2055
4535
2563
2562
2566
84059
501
10319
10159
2775
4538
10243
6487
23236
57094
1181
10715
348980
151
114327
5297
6812
9184
10479
6334
4512
4513
10087
4514
10939
1759
170302
776
773
112755
3786
3785
8912
6335
1476
477
950
478
785
3786
8629
114327
2563
1181
2554
10479
