3717
1301
1302
114548
2969
23592
7227
3043
2717
3557
5277
1836
4148
5580
7305
6473
3123
6578
3559
1371
9569
931
930
9935
387281
715
1311
54209
717
716
29851
714
713
712
710
1490
11277
9663
1499
3560
3248
149233
3569
340061
5696
1380
51604
4323
987
3145
7132
4282
5251
3663
79722
26608
919
9469
427
58484
1235
4210
3586
23495
721
5771
4352
843
6775
5573
10801
5982
83550
3593
3592
1493
3595
8742
9031
7148
5336
975
857
54790
2057
7099
30061
3081
7297
84572
56172
10019
84823
5657
720
148738
64240
64241
9051
6945
4000
3106
6399
1298
1299
324
4598
1297
4313
10269
9049
4790
4791
57817
1281
1280
3115
91662
356
355
64127
2006
25939
3984
7461
4853
26191
115650
