80169
5176
760
84627
3417
23592
387733
5073
4784
10516
3418
5479
26276
26277
4982
54756
142680
121340
23767
84634
9663
8622
2263
5468
2260
8878
11107
203859
128674
89780
2253
538
2778
4893
8600
8322
9321
4041
6662
60681
55135
51750
26012
3845
64175
6870
3815
8518
50940
55505
3265
249
6678
846
1848
6774
5573
9049
55636
10491
7421
649
63901
23554
5034
22943
55717
10555
9037
7015
7012
9871
389549
857
92344
29887
55315
1736
8822
120227
8820
1501
55151
2623
10312
2629
30008
9451
1594
6611
9394
7841
1186
860
1184
55651
2353
1513
79797
2733
79650
8074
9101
3730
4693
2132
5352
2131
950
875
871
9896
3977
7471
81848
1278
5728
1277
4952
4507
5251
60675
118429
10371
26580
1280
5831
90993
6663
63894
4853
5566
7390
1186
8878
4507
