9126
55869
7020
5885
8243
25836
7469
7468
3954
1146
1144
8626
2719
23592
55112
79867
57560
8091
57728
1312
3930
4036
27077
171023
59
2316
26160
89891
5913
7468
6597
6598
3670
79809
1717
1718
6664
421
2263
64840
80184
1131
1134
7020
4629
3954
8289
51057
4750
1723
9968
57217
153241
23322
9126
54880
29940
10653
2294
79827
6605
222546
2201
79583
80776
7290
284086
2627
2812
55869
7353
9742
8260
57096
27031
28952
7403
6495
79659
57545
139285
147912
5885
6899
57492
91147
79848
2138
9897
57167
89910
57539
113189
72
8243
2239
8085
51259
7469
25836
4853
54903
1723
