1140
375790
1144
1145
1134
4593
6329
285489
4038
5913
1140
9200
1144
1303
57449
10290
4514
285489
79147
4703
10891
1145
1073
127833
10585
1674
283
29978
6329
54209
729920
10280
55624
4038
203228
5428
84334
58
8878
7317
6311
1410
2066
375790
10329
3679
274
4556
2521
116228
148789
84876
2548
9782
8803
51204
427
10133
1134
80324
6576
7273
22868
2273
25978
29110
5913
84892
6647
1340
4633
8292
1639
57679
4744
84197
100131801
7415
9131
1352
29954
3178
6616
23435
51067
7169
7084
2218
7167
57190
1103
56203
28958
23534
5630
3908
5216
7170
6341
4000
4513
1610
4593
9896
1292
1293
1291
3913
1272
55687
11041
84987
9217
9215
1282
400916
80208
1605
5446
5445
5444
4512
23025
