3123
56244
356
355
843
5580
4282
604
2130
596
10892
7490
3569
330
4688
4689
27086
1536
23592
3123
8915
653361
348
26191
1535
843
5580
4893
340061
356
355
3845
79633
56244
23592
1776
5580
3123
3559
939
4869
114548
931
930
348
5873
29851
3931
330
11281
1493
7048
3561
149233
54
3569
340061
19
5696
4481
10616
1380
283120
595
596
4893
8600
987
64689
4282
28395
6786
3575
3570
7249
7248
919
915
3845
916
1630
64421
4210
3586
23495
1130
100151683
100
843
3394
841
6775
115908
7374
1536
55636
10892
51741
3592
3595
335
331
8742
6609
129563
975
7490
7099
27086
55315
653361
50514
6049
5788
57379
26191
2624
7297
10312
147372
5551
5896
5897
23230
1991
4173
1186
4688
4689
9940
720
604
29887
6813
5295
5293
9051
4615
55072
2130
51008
3106
11178
1535
8676
4598
6023
50943
3702
673
4790
4791
201294
4068
472
356
355
64127
28755
8915
3981
115650
