653361
1536
1535
4688
4689
653361
1536
1535
4688
4689
653361
1536
1535
4688
4689
59067
3586
695
3588
3587
2000
9051
8517
7297
2624
3460
3459
6772
3594
1536
81704
9636
3588
59067
3110
3586
3587
1130
727
629
3426
731
730
733
732
735
729
55851
8625
10456
8546
7454
5580
695
10892
1075
3559
1675
931
930
718
29851
2706
5994
5993
3561
57724
81704
83706
10804
1380
925
84522
987
6905
2542
59067
6786
6789
4125
3588
8517
64421
3586
3587
23495
1130
100
3460
6774
6772
7374
1536
55636
2672
4261
3594
629
8742
5663
6929
9636
10559
975
974
973
3459
731
730
733
732
735
653361
57379
2624
7297
10312
3075
5896
5897
3078
4860
1991
3689
4688
4689
727
729
5295
5293
9051
92579
959
958
5873
6103
1535
6023
29760
4790
4791
3543
3426
3110
56262
3575
2000
3981
115650
3507
653361
1536
1535
4688
4689
727
629
3426
731
730
733
732
735
729
6774
4688
4689
1536
1535
653361
3689
6774
4688
4689
1536
1535
653361
55851
59067
3586
695
3588
1130
3110
5663
9051
3587
55851
59067
2706
3586
3587
3588
1130
1535
4688
3110
5663
1536
2000
1075
9051
10804
695
4689
653361
8517
2624
5663
55851
6103
3426
730
3689
727
1535
629
6103
3426
4688
4689
731
1536
733
732
735
653361
729
