987
604
55505
54888
5395
596
4893
8626
4609
79650
8742
11200
4436
51750
5073
25788
4615
100
8115
7456
472
7454
7015
5580
5925
7157
3123
55135
80169
9401
1736
602
26277
939
4869
331
8438
79719
931
930
4292
64421
7012
7297
23495
65057
29851
6774
975
673
6886
1776
4193
3561
5551
5896
5897
3702
2956
4790
4791
6023
843
4683
7373
3575
1066
641
861
55636
55651
3845
4860
8915
84061
4068
1380
3981
115650
8915
472
596
6886
4609
100
8115
6886
8115
55505
65057
55135
80169
79650
1736
472
26277
55651
51750
5073
7015
7012
6886
8115
100
596
4609
