8425
50484
2969
23594
150094
5826
5982
6326
4868
546
547
9569
10743
9378
990
284111
673
283489
5277
81620
171023
6792
259232
7259
3845
291
2904
9091
6709
5604
4204
4281
1717
22854
26608
1650
2261
11284
8514
5000
3745
8518
3954
7020
79751
1644
25977
79813
348980
51741
23556
54888
9126
2290
9031
9037
6531
6925
2200
2563
84693
1501
340533
26235
54941
63976
2775
55869
10560
7355
8573
11232
6487
23236
5605
5428
6299
27125
3785
85358
26047
56652
6497
139285
6812
5119
5885
9895
25836
1759
65125
170302
10484
54463
8243
9915
5832
5831
6334
6335
7469
7468
2006
3984
7461
3981
4998
