374654
2710
1300
5176
1302
80326
114548
10297
1497
6557
5190
23363
132
23592
283120
23594
5745
7227
6519
4784
60681
3418
1301
10000
9839
1836
5824
8091
2036
3090
699
1778
83737
4983
4591
2296
547
55764
324
3975
894
64093
1947
84623
6497
51082
51520
3835
23600
10522
4338
675
4882
57697
81620
3930
64324
673
1954
1513
9820
2263
10682
4038
9702
729920
64175
150468
5308
2261
29123
3039
6016
6657
2317
2314
6654
51
81704
2316
2799
29940
990
5744
120227
1387
89891
6655
6023
57539
144568
2218
5015
2904
10329
4323
701
9652
5604
6905
51684
11133
3040
5495
4952
6909
1859
51360
5251
2535
5922
1718
79728
1855
4125
51114
28952
2176
2177
2175
2072
2178
128178
2077
4921
8517
1139
5000
80184
65062
5447
3954
79147
3265
2260
5479
23090
6938
55215
249
871
23314
4758
2517
2271
5626
6774
4488
55112
26229
2670
9791
23384
7421
5828
649
9419
9401
9968
10908
83550
84892
3758
8504
57560
2902
8514
5034
9533
60529
29089
8216
89884
79823
6928
57728
145173
6925
3295
9321
116442
10020
9871
2200
2201
51025
79583
9487
2563
1013
8820
84197
5296
55315
7531
5781
65109
10585
9409
8600
10913
7291
55624
84464
4893
63976
113246
10312
5449
9184
728294
1594
3845
9581
2187
10013
2189
2188
51524
60401
10743
5605
1186
860
5189
10082
1028
867
55120
83987
6197
83479
2697
26040
254065
1747
8831
148789
10491
471
2736
2737
2639
79659
29887
3636
57545
139285
5295
6499
5290
59341
6949
23522
10369
5889
1896
9759
142680
1278
51715
4920
8481
5195
5194
3239
5191
5727
5193
5192
5925
9897
1282
9496
83990
4337
7471
3977
170302
10484
29954
5160
1962
4313
8398
55777
2720
112752
113189
5728
1277
23545
8799
9049
4281
11041
5048
83932
50964
29072
4792
9215
63901
2332
5832
1280
5830
5831
51259
1605
3425
7545
7189
7469
7468
90993
84168
55670
5894
7474
8643
4998
7040
