5982
26608
2969
3110
23417
9031
2006
3984
9569
7461
5172
50484
84623
2969
6535
4572
4574
4575
1910
10512
11232
6497
8864
150094
5378
2036
5982
10892
4902
1778
223117
7048
1371
6326
546
547
4578
7068
1674
9569
10743
80025
9378
1759
284111
9209
672
673
330
4566
4564
8022
2260
6792
7252
6658
6657
6390
259232
10225
2316
4436
128674
1294
1387
2314
291
2902
81839
6391
5015
5395
2904
80199
2775
5156
6709
1482
5498
3145
4558
7038
7132
6389
4204
1859
493856
1717
6663
22854
26608
5095
5096
429
7276
421
11280
1650
11284
2668
1013
8514
4210
3815
1131
3745
1312
8518
23417
5277
4541
4540
23259
846
249
79751
1644
84720
5626
25977
79813
4297
4292
2670
5979
27315
2512
4535
4952
50506
9968
51741
3758
627
2290
29940
54551
9031
7148
1908
6531
6925
6609
4538
93210
9487
2563
27086
657
8820
5604
3852
3861
405753
7290
3508
284098
2812
63976
60495
9091
7353
7849
8573
9860
2956
6487
23236
5605
5428
6299
10847
27030
4072
84466
55650
1453
5621
8831
348980
26047
56652
2736
6496
89884
554
3845
6812
5290
4556
10369
7173
6899
1890
10522
6340
6557
389434
4512
4001
7201
7200
4514
9839
6528
6224
57165
89910
170302
81704
8929
4312
113189
72
1889
8243
284119
5449
7337
1287
1281
3785
7067
7253
1288
3110
6334
6335
6336
2006
55777
4513
3984
4567
7461
6338
7466
359
