26608
2717
84623
57526
2348
4572
4574
4514
4578
7381
7385
285362
150094
5824
7305
5982
5828
1778
4709
8869
6326
26275
6323
547
84153
9569
84300
80025
4292
23474
10522
54209
2969
11277
4567
4564
2554
79133
5264
6792
149233
6392
6390
51
29078
284111
9031
80347
538
2902
84947
10535
57465
2904
9096
57468
2775
6709
3984
25886
4000
4558
5602
6389
4204
1859
51360
493856
90624
4728
3028
4724
22854
4726
4720
4723
4722
11284
1013
124454
8086
3745
4210
3586
443
1130
5277
4436
103
80224
79751
7274
25977
6775
57582
8893
8892
8891
8890
1537
2670
4512
51103
4535
29926
126328
10908
3592
8504
3595
2290
790955
60
4541
5660
4540
6925
91942
175
7099
2055
5395
79944
1639
4536
4537
55315
2566
26137
6324
9409
27089
79641
54476
2581
2629
1356
64135
9091
81570
3073
374291
1593
8573
6529
23230
2956
6487
23236
5428
5189
1106
25915
720
79813
8831
348980
2512
6515
9131
2639
7284
6812
1200
1203
2632
10369
3064
23636
644096
4693
4519
4694
5195
5194
3106
1967
5191
5190
5193
5192
2036
55572
1759
4575
170302
81704
8398
10265
51816
79621
55777
617
8799
4729
4538
4508
26580
4715
2332
91574
4668
5830
3785
4719
51741
6334
6335
64127
2006
25939
351
4513
55670
55788
7461
4854
7466
54902
