374654
79633
8626
153241
9361
79147
79867
10585
2245
5308
675
57697
55624
27077
57728
26160
89891
10329
79809
4281
148789
79728
84464
2176
2177
2175
2072
2178
9723
80184
1131
55112
9487
51057
84720
4750
79583
54539
55636
27315
23384
29925
9968
7547
84892
1349
23556
23322
57560
117581
54880
2296
10653
6926
8195
93210
80776
84197
9401
51733
2623
29954
197131
29089
2187
9742
2189
2188
8260
4683
6299
2218
55120
55650
28952
7403
2737
79659
57545
139285
284098
57096
5889
5644
5728
10084
91147
3239
79848
9897
57167
83990
729920
7473
57539
55215
11041
3052
9215
1807
8085
1282
51259
1605
3110
8642
54903
