5172
3717
2717
1302
53405
51473
10518
51475
10345
163183
6575
6323
407053
3766
7809
2707
2706
494513
64072
1950
87178
4233
283310
23562
246213
79977
149233
51168
4640
4641
4646
4647
5269
259236
10804
5159
57465
5155
4556
7132
374462
6262
773
83715
5962
2070
389207
81624
643226
4210
3586
65217
2103
64699
117531
4627
107
4352
845
7148
1729
161497
6775
27010
56616
126326
9414
112476
7428
3592
2299
3595
125336
152137
222662
54790
2057
2059
1428
7099
25861
3082
9132
2624
375611
29899
10019
286676
3728
4771
286262
1281
7007
54805
53904
3371
720
2697
84189
6495
2639
146183
9455
9750
3736
3735
4615
5459
11078
22953
3106
10083
54084
808
1690
4598
388551
84173
253827
79784
51816
153562
71
9213
9381
220074
4668
7066
1289
7466
340990
9885
64127
477
1687
4567
801
26191
805
4566
