8425
4577
4578
7381
10102
4705
79147
21
4671
10585
1376
84300
1892
729920
7443
55624
4567
4566
6440
137682
79133
2316
3030
3032
51601
57038
2065
10329
131377
6389
9997
90624
4728
148789
4724
4726
54938
4720
4723
4722
8802
51204
7385
1410
4704
3265
4541
4540
80224
3508
123263
1537
51103
126328
84892
80704
6834
5660
11340
4709
6606
6607
4538
27247
4535
4536
4537
790955
6439
84197
100131801
1509
27089
1352
29954
1355
2187
90
4173
2218
84466
25915
27130
91942
4089
59341
10577
388962
5728
4519
4695
4694
4697
55572
1756
29078
5160
617
283989
11041
4729
55967
4508
9215
4715
1282
51010
1605
4719
374291
54902
