4598
9076
10102
285362
5825
5824
5828
4141
3559
344
3854
3853
55764
919
51067
348
55532
56623
29851
84433
1493
7040
343035
1497
5468
7048
57728
5265
6792
5261
6655
6654
56244
283120
1080
8600
56052
4556
2542
55858
2548
100506658
526
51119
1406
124454
3557
64421
4210
80184
445
100151683
103
100
4351
4352
37
34
1536
1535
9414
1244
435
167691
23322
335
331
3295
11222
10020
857
26277
653361
6804
9742
5184
4173
5189
4072
55651
148738
29887
3636
3561
60386
4615
91147
5922
51651
57539
79621
8799
3702
84987
4668
4669
85476
2538
8647
686
114548
2719
9209
105259599
51473
498
5073
8546
55112
6576
146059
5580
6575
6578
79868
5589
1371
939
1374
2153
84153
931
930
4864
6224
3931
338328
11277
9663
6718
51164
84334
22845
3569
5660
5696
80324
84701
55240
84529
7132
5256
5257
6663
1719
5314
51750
51204
6584
1130
3155
89891
83706
514
63901
153241
8504
2592
1340
10661
4436
6928
178
175
129563
975
79583
7490
55315
57104
657
2110
9409
26580
2624
3872
2629
5894
5896
5897
23230
138050
54968
19
27031
27030
28958
79651
6813
284086
10577
145226
9056
5195
5194
64802
5193
5192
51816
112752
55670
55687
166785
392255
2239
57817
7066
201294
51660
115650
3717
2184
5095
5096
11231
3123
26276
83737
540
2245
549
2243
387281
23600
284119
6448
55109
2799
411
10616
1380
2067
10535
5395
9652
9719
9657
4282
3575
5091
22854
3570
4125
9780
7535
64756
1776
10225
23418
4758
10984
788
5873
55636
55630
4358
3614
2290
8742
3756
3000
23090
3162
55812
79659
2200
2203
3845
501
23522
2582
1352
10312
1376
2588
57560
5551
51520
51524
7840
91647
4688
4689
2109
2108
5244
2517
1513
91869
3868
2639
10166
5290
57096
64324
9227
55072
875
4591
388962
4594
8813
4598
959
3930
326625
5205
79650
4790
4791
5836
5830
51259
356
355
3988
950
7841
51099
3981
55505
64788
760
5190
3048
6121
1962
3040
3043
3047
5277
5378
5373
3769
673
3248
8216
3039
6016
2990
51
83700
63924
26160
5159
144568
4893
3030
5155
987
5156
4000
4204
79809
116228
55135
23746
6309
57511
915
2072
916
427
2074
3815
23495
65062
846
22868
843
4292
55005
93183
10555
6609
7015
7012
1738
54790
4068
4069
1736
100131801
5781
5788
2817
2819
64135
3073
3074
229
3077
2956
3172
6888
5428
1186
5424
1028
80270
27232
2353
7287
1161
7284
57545
6499
9451
92579
6341
2130
4512
4513
80169
4514
79158
8676
9420
6023
85365
2720
9213
26503
11311
1716
3783
3423
25839
3425
4041
25939
63894
4853
