5318
6262
2200
5592
1281
4088
8076
59
7046
7042
4629
4638
7048
2200
5592
59
4088
8076
7046
7042
4629
4638
7048
3593
2658
4088
4089
8076
8985
5116
2548
11231
5589
4638
10516
6945
2200
5318
2132
4041
2131
3106
5310
7249
7248
51114
6262
5781
368
65109
59
2022
51816
5167
30008
673
7046
5894
7042
4629
7049
7048
5592
1281
1282
6774
1289
8481
81031
94
9968
538
4089
2658
94
2022
4089
2658
94
2022
2200
5592
59
4088
10516
30008
8076
51114
7046
7042
65109
4629
4638
9968
7048
4089
2658
94
2022
2200
5592
1281
5310
1282
4088
2548
1289
8076
8985
59
7046
2022
7042
4629
5116
4638
7049
7048
2200
5592
59
4088
8076
7046
7042
4629
4638
7048
2200
5592
1281
4088
10516
30008
8076
51114
7046
7042
65109
4629
59
4638
9968
7048
2200
5592
59
4088
10516
30008
8076
51114
7046
7042
65109
4629
4638
9968
7048
