4247
79158
374654
5176
1303
55858
2969
22931
22930
60681
5479
1836
5982
5376
7592
546
23111
545
9569
9060
5063
121340
5147
673
7169
51684
7043
7471
3339
1959
1291
6016
2316
54
6655
1062
4137
2068
3845
2067
6855
144568
6654
4893
8239
10733
113278
55835
126792
54332
3149
4204
79581
22995
4041
6261
6662
26608
55131
2664
2073
64175
11285
55033
2074
8517
9150
80185
9255
4621
100151683
4359
6678
6399
23096
84126
649
3265
9968
285590
9469
54880
9244
8216
60
25782
9031
641339
116442
2200
2201
347344
9401
186
5781
65109
7552
55151
4323
139411
23522
23529
2182
6611
5894
8260
138050
128637
11141
6197
26123
84061
1741
10491
5116
9459
4247
3908
59341
7170
5728
24140
57716
4000
1193
875
5191
5727
871
81846
5922
1292
1293
4598
170302
90993
1278
1756
4313
65250
207
8838
10269
246329
1277
63895
7102
11043
3054
79868
1280
51259
8481
79158
2006
5932
3984
1763
7461
4853
8643
1280
2201
