84667
134701
23347
57190
9990
79147
2483
10585
729920
29954
100288687
3955
55624
246329
4625
10683
10568
9215
7273
58
145873
2218
29925
987
10320
84667
55505
134701
114548
79650
8742
23347
57190
10683
9990
1736
7012
4921
79147
5580
55135
7015
950
3106
80169
2483
7249
3257
26277
51750
10585
729920
931
930
9215
29851
84466
100288687
5073
2720
23495
65057
29954
2629
975
246329
2588
1776
6445
4625
5657
55624
10568
4790
4791
58
3508
7273
55651
1280
3955
89781
2317
3115
2218
7248
1438
1439
145873
1493
54
63895
29925
1380
26191
115650
