4313
1281
4000
10269
4323
1289
54463
6335
547
65125
4853
9935
4313
1281
4000
10269
4323
1289
54463
6335
547
65125
4853
9935
4323
4313
9935
4000
10269
8815
4323
4313
9935
1281
4000
10269
1289
54463
6335
547
65125
4853
4323
4313
9935
5159
10558
4000
6578
1075
9517
25923
547
65125
51062
10269
54463
64135
23586
3248
1281
2316
1289
6335
8815
4853
1513
4323
4313
9935
5159
699
8517
3418
4323
5745
701
51684
3417
9184
4313
7148
9702
10558
51360
857
2132
2131
4000
3123
6578
1075
5727
25923
26137
547
324
162514
65125
9935
51062
2623
2629
7390
3663
10269
2706
54463
64135
673
1490
23586
285590
118429
1499
8792
9487
8815
3248
1281
2316
1235
1289
8643
8518
6335
9517
7421
950
10804
4854
4853
57152
1513
538
4000
10269
4000
10269
5159
4323
10558
4000
6578
1075
9517
25923
547
65125
9935
51062
4313
10269
54463
64135
23586
3248
1281
2316
1289
6335
8815
4853
1513
1281
4000
10269
1289
54463
6335
547
65125
4853
5159
10558
4000
6578
1075
9517
25923
547
65125
51062
10269
54463
64135
23586
3248
1281
2316
1289
6335
8815
4853
1513
4000
10269
8815
1513
