1140
23204
1144
1145
57449
80821
285489
8988
150094
6576
6326
6323
23111
6329
142680
284111
2705
729920
55624
6444
4038
6792
343641
6900
9570
825
5913
375790
120227
55526
9091
5602
84876
11284
427
8838
3745
1134
79147
103
3315
79751
25977
348980
23064
7421
126129
29925
51741
127833
60482
9037
3098
1639
57104
1501
10585
2583
29954
2775
1594
6616
8573
7080
7169
2218
1106
1103
151
6812
26353
7170
60386
81545
23636
57716
4000
4593
81846
1759
170302
79628
8557
4508
9215
91574
3785
400916
6334
79152
9927
