51119
4322
1300
5745
6399
1280
50485
59341
100151683
176
9469
1301
246329
579
1300
1280
55858
860
4322
56172
1028
9361
5745
2697
6023
51119
9060
4921
1280
3835
4318
4322
54808
126792
176
4148
1280
3930
59341
54
2879
1280
5130
374654
5264
1836
4148
5191
9451
1298
1299
1297
374654
10060
1300
1301
1302
55858
79633
153241
9361
5476
23592
51119
5745
3043
4784
6870
55112
1836
4148
8091
7305
5828
9896
389549
54756
50485
9060
3764
1311
54209
23767
55717
100144748
3930
84634
50964
6916
6399
7040
3339
57728
5264
2316
11285
6390
6391
6392
128674
411
2317
26160
89891
2778
4322
124583
126792
79809
114548
6663
4125
26012
3835
2260
5130
2077
8200
100151683
5824
4758
1848
2253
55636
2261
63901
579
9469
8504
57560
5034
9533
60
176
9321
9871
8822
8820
9409
658
64131
56172
9394
3074
9742
10013
224
387281
860
5189
54808
1028
91252
2697
2517
1513
79659
54
9451
5290
59341
6949
3730
4921
5195
5194
5191
5190
5193
5192
1298
1299
51082
3977
81848
6023
1297
57539
10262
207
4318
10269
2879
5728
246329
8799
60675
71
10371
1281
1280
5830
4010
3425
4000
1001
55670
8642
1836
1280
1302
1028
55858
2317
64131
1301
124583
9451
59341
1298
1299
411
1311
1297
4148
55858
6916
50964
