6794
80169
7010
5321
3717
2658
9209
11231
7456
7454
5378
7450
6578
3257
2153
2244
2158
2243
324
100144748
3930
1956
1499
7048
6794
3248
149233
89781
6390
55109
2147
6392
3845
2022
538
10320
6391
5395
3815
5156
8328
6389
3674
59067
493856
4041
57572
7249
7248
57514
368
421
2266
875
4210
3586
3587
3588
1130
5321
4352
7148
6775
4292
57217
3592
1493
3595
4627
4436
5589
7010
285203
54790
3690
3516
7099
657
7290
2812
54567
7353
229
2184
5657
2956
94
27030
4072
720
80270
9342
4089
79651
5290
6899
4615
1312
5728
5351
3106
80169
6224
9420
4598
207
5167
23218
6868
26585
3115
7466
64127
26191
4851
7456
7454
2658
4089
2022
94
7456
7454
2658
4089
2022
94
7456
5728
2658
7454
3586
3587
3588
4089
59067
3257
657
1956
6868
2022
89781
94
57217
