2903
128637
9289
25782
22931
22930
27286
347733
9289
22931
22930
27286
5193
79147
9289
5824
347733
5828
10585
1376
163786
729920
55624
9662
9342
2068
6491
50814
2067
2903
5189
10329
55835
4204
22995
84879
148789
100506658
57514
2073
2074
8514
57572
55755
23545
2271
29925
23141
84892
8504
3800
10300
25782
10381
3295
259266
285203
2563
3516
84197
9401
9409
79644
63976
29954
79648
54567
29899
57082
1911
10243
7846
128637
1021
2218
25914
284403
26128
51807
6497
10000
7284
5296
5297
5290
5195
5194
5190
1962
5192
9896
203068
10262
894
8799
11041
9215
80254
5830
1282
1605
200205
55670
80781
168667
4851
5297
27286
9289
