7040
2200
5728
7421
4053
142680
207
120227
1184
1594
81794
8792
4041
50964
7040
3977
26040
4038
63901
285590
1277
4041
50964
7040
3977
26040
4038
63901
4038
50964
6491
8504
2733
120227
59341
23592
55835
175
2200
22995
84879
5195
5828
6578
5190
5193
5192
547
3977
1021
9409
50814
259266
163786
142680
207
79648
54463
9662
50964
1594
6916
285590
81794
57082
1911
4038
8792
1277
65125
4041
5824
80254
3248
4053
5830
8799
2316
1184
5189
55670
5728
6335
9791
203859
23141
7421
5194
2697
26040
55755
284403
63901
7040
