2990
25885
8546
9496
9775
83452
54808
411
2720
2200
1278
4313
5352
121340
4088
55151
4323
5176
871
6678
90993
649
7471
3339
1277
60681
64175
10491
5479
3207
2623
51715
23586
50485
64135
55325
1954
79158
153241
79659
57560
3636
124583
59341
79809
55112
1836
4148
2879
9060
64131
9742
57728
1280
2317
54808
79158
23169
26160
89891
59341
50485
153241
5116
1300
79659
23586
2623
3636
3373
4323
124583
55325
25885
55835
1278
2121
9775
132884
8546
60681
9496
5176
2200
51715
55112
1836
4148
121340
871
4088
545
7471
64175
79809
55151
2879
5932
57539
3207
4313
2720
64131
22995
64135
10733
23169
57560
9742
5479
3339
1277
6678
5352
57728
84126
1280
1954
4750
2317
1062
54808
2990
79158
411
9060
649
83452
26160
90993
89891
10491
59341
1300
22995
5116
84126
1062
10733
55835
5932
545
57728
79809
153241
55112
132884
1280
57560
4750
57539
2121
9742
26160
89891
79659
