90121
3921
10518
10456
3551
10585
54919
919
84300
2911
50939
142680
56623
84433
6154
51204
5962
79133
6792
5261
2316
5269
259236
51761
51601
1259
51604
5913
291
79882
120227
83696
4323
147409
8604
3679
6389
3028
79728
8738
83715
389207
79042
124454
8517
9150
9152
9524
80185
9439
4358
4359
103
107
25974
123263
25977
113179
348980
36
1537
640
9414
84892
23325
54888
23322
54551
8462
7345
3295
222662
84197
2706
6201
84059
3892
7084
29089
55788
9742
10564
10243
55780
7007
1991
84942
90167
80746
29968
3630
55975
768206
10804
644096
5354
1056
57716
91147
3340
10058
57654
6102
6101
6100
54084
55572
83990
29760
253827
4313
79621
617
283989
11041
9927
50964
4508
89765
339829
286676
4668
26060
4914
80153
340990
23020
8647
57152
5172
23203
1302
1303
50484
23209
55180
132
5078
498
51475
7381
121512
492
7385
24
2741
5580
6223
79868
64374
6249
4983
6324
6323
1376
84153
6329
10939
65080
1759
494513
55624
5995
11277
55172
4038
6712
7852
170302
7253
51168
6535
10594
65018
346007
55750
54704
1482
124997
54332
5256
9381
4724
4720
4723
4722
153562
8802
8803
11280
1650
51206
11284
5105
583
3745
6103
1134
4548
64699
117531
4625
973
4541
4540
843
79751
3394
161497
2571
2059
29925
514
23554
79947
10309
9128
83544
5663
8292
6929
6531
6927
7915
974
4538
79944
4535
4536
4537
790955
182
25861
140803
3082
2622
2623
10157
375611
113246
2628
10159
83861
5896
8573
23236
138050
3887
221421
85478
3889
4704
2697
84189
92211
7401
6218
146183
6812
2817
4760
9750
6622
9056
51091
4552
1615
24148
10083
8924
5076
65125
771
2979
64135
80704
166785
3054
55967
6138
57709
4719
6135
56262
9129
54902
1767
1140
4306
1144
1145
5897
57526
25794
4577
4578
3651
3172
150094
4901
547
114548
549
388662
26278
5148
284111
2707
5145
7399
284119
120
64072
23568
87178
4233
283310
23562
6125
84140
51473
345895
1406
25953
10210
10535
9091
6709
10128
8328
8322
93233
5071
51364
148789
8989
22854
54938
7248
7436
55036
7439
64756
65217
6674
79147
91137
27429
23418
388939
1644
1641
6774
5244
51185
5873
55630
51218
92749
51741
5889
161582
3614
56776
2290
79791
55812
6326
57679
2566
158
9131
79644
1352
10312
1355
3909
1861
120892
6487
53904
2898
91647
84100
6295
6094
55120
7991
26121
2103
4751
9342
91942
10002
5295
113235
23639
9227
23189
23636
6555
123016
145226
51004
2904
54977
163183
4593
2743
729920
8813
6229
84173
3913
11078
55215
5205
10461
4792
115948
220074
440138
3543
157657
1605
11253
112476
356
355
51314
55857
762
137682
767
53405
6121
1962
285489
11151
4705
5277
4703
1959
5376
7054
5903
3766
3767
7809
675
8635
57697
4567
4566
388389
8842
6010
2554
58
6017
6392
6390
51
4647
4644
8701
83706
26160
79827
2778
5158
2475
57465
10329
4646
2775
57192
57190
5660
4204
374462
4803
90624
6261
6513
55130
64446
2176
2177
2175
915
2072
2178
916
1528
1258
2074
643226
127534
2645
4117
124512
352909
64218
130557
7273
27019
7275
3507
2670
126326
2672
7421
23389
84701
6833
54768
6834
5048
84668
125336
220296
5336
6609
6165
10559
6204
1282
27249
56683
1737
5949
100131801
123872
51733
9215
5860
27089
375298
29954
2819
29899
375790
1594
3073
2187
286262
2189
2188
5340
5428
7138
2218
84464
51128
6697
79797
135138
7287
1161
57545
5961
9451
3735
1890
1892
6340
4693
4519
4695
4697
6335
80169
9997
57165
1292
1293
4041
1291
81704
5160
8398
2643
54463
23218
8492
9197
6234
4729
11315
22948
11311
4728
54862
3786
3785
6231
3420
6334
8481
6336
6337
25939
28755
6235
374291
2009
6338
