55687
1140
1141
2717
1144
1145
2652
9364
9365
1785
6559
246213
7112
10060
4574
83394
285489
84839
492
8629
24
9681
2521
1302
22
1181
10686
5376
80821
6249
939
547
10587
1674
81846
23479
388662
80025
2978
1798
3939
2705
2707
2706
10280
6444
11277
6442
6443
5961
2010
4038
1959
8842
407053
79977
22953
1829
93589
54840
54
4640
4641
4646
4647
1406
22845
2395
427
10804
5913
538
2778
79882
57465
9094
4323
22948
113278
7139
88
111
3371
6901
54332
4689
6389
7134
7137
7369
80208
1497
23746
22999
9524
8738
11280
2070
1392
81624
282809
55180
4210
8754
785
1137
1135
1134
4549
1410
1261
4624
4625
124512
23093
56616
64218
7273
843
5580
2273
1729
57582
51185
8893
8892
8891
8890
51106
1536
2673
4512
9414
23389
117531
10908
4359
84665
23325
54888
2591
8074
56776
4627
9531
5663
152137
375790
3000
5664
6609
1535
11155
1813
79581
8492
1428
2563
57679
4747
356
7414
653361
23534
128338
2274
5350
2588
1861
355
5894
3075
10397
3078
4607
6487
7007
7080
7168
7169
2898
1188
5956
1186
2218
4688
3208
4593
7991
80704
6329
9439
2554
92211
2694
8139
6495
157657
79791
114327
9132
9455
1200
11253
57096
59341
256471
7170
83696
3736
388551
5459
4166
5728
5354
2132
2131
4000
778
1967
6103
6336
63976
326
1690
1292
1756
65125
8048
11160
85365
25939
79784
4313
3910
2720
4564
8910
54463
3708
8557
71
70
3702
7827
57798
54862
3786
4669
199857
80153
3426
282996
7466
6335
9885
9516
6331
1687
84823
91624
4853
3340
7040
