9657
7287
343035
23746
80184
3769
64802
1406
57096
392255
6121
55812
9742
9227
3614
145226
23418
167691
3000
2731
2653
5095
5096
326625
275
4594
166785
132158
27249
4552
25974
4548
132158
1666
10157
133686
5009
435
445
440
5160
8050
54968
5091
25821
498
763
50640
11222
26235
29968
275
29968
3614
2731
2653
763
27249
5095
57096
8050
6121
9657
9227
7287
4552
11222
55812
145226
64802
5096
132158
4594
25821
50640
1406
26235
5160
10157
23746
80184
3769
5009
440
445
133686
4548
326625
9742
166785
392255
343035
23418
25974
54968
498
5091
1666
435
167691
3000
