2710
8425
1303
60684
79147
2521
10891
6647
2483
10585
1674
29110
29978
3991
54209
729920
284119
6444
6445
6442
6443
1756
9987
203228
58
8878
203859
825
2066
10049
10329
190
9499
3679
6261
9782
6311
10133
100288687
1410
4625
7273
25978
8813
29925
84892
9531
8291
5339
1639
859
4744
84197
1120
7415
79188
29954
3178
23435
283
5216
2218
57190
23534
5630
3908
23345
23347
23224
4000
1610
22954
9896
3181
1292
1293
1291
8557
11041
55624
9217
9215
1282
400916
148789
1605
5446
5445
5444
23025
23347
100288687
2483
84892
1303
10329
3908
3679
79147
148789
4000
84197
1120
10585
1292
1293
1291
729920
29954
55624
11041
9215
1282
2218
1605
29925
60684
4000
729920
23345
3178
6442
3181
7415
79188
9987
23224
