59341
427
26580
2617
2521
79581
80208
1639
57679
60482
10280
8985
59341
65055
91252
113278
26580
2617
2521
64423
2318
80208
1639
57679
60482
10280
8985
59341
65055
91252
113278
79581
7169
2318
64423
4000
23345
79188
7170
8242
8557
121512
23224
51062
26580
2617
80208
65055
8985
91252
1140
1144
1145
50484
57449
1785
8985
5193
285489
121512
83636
2521
5824
1959
10891
5376
50717
23111
10749
283
29978
26278
51062
54209
2705
10280
4038
55906
203228
2318
54840
8878
6310
6311
2066
538
375790
113278
9499
8139
54332
7879
4287
80208
6663
26090
9782
10558
427
64423
10133
1134
4359
91137
23095
3508
8898
25978
23064
5913
5828
10908
2617
6647
57562
8504
60482
65055
8291
178
10020
79581
1639
57679
4747
4744
26137
3315
7415
79188
9409
2583
3178
23435
10397
29110
23345
7169
5428
19
5189
26353
84466
91252
6329
81857
7072
90678
23533
4361
5631
5216
59341
8565
7170
84839
1890
23224
80347
57716
5195
5194
5190
1610
5192
25923
4593
9896
81846
3181
79628
65250
23503
8799
8557
8242
22948
9217
26580
5830
400916
5630
5446
5445
5444
472
4000
9517
9516
55775
55670
23025
9927
26580
2617
57562
65250
65055
472
26580
2617
65055
