26580
2617
65055
3920
2717
1144
1145
1140
285489
60684
8988
79147
2521
10891
5376
4671
10585
1376
29110
29978
6329
1798
3939
54209
729920
23479
55624
4038
203228
8878
6566
6311
2066
375790
270
274
4287
6261
84876
9782
367
10133
2767
1134
4359
3315
846
844
25978
2673
5913
3094
29925
54822
2617
3758
6647
65055
6606
6607
5230
1639
859
4744
7415
1785
29954
3178
23435
283
1188
2218
5224
64419
5216
4618
26353
5213
81545
6557
199857
6559
1610
4593
9896
85365
487
11315
9217
9215
26580
5837
1282
400916
6786
5630
5446
5445
5444
1763
23025
5837
3920
5230
6566
859
5224
270
5213
26580
2617
5376
4359
65055
