5172
1140
339829
9179
1144
1145
2068
145258
1785
79848
53405
51473
10518
283989
285489
51475
3655
5119
115948
5076
492
9200
1959
163183
79147
6576
21
5826
4233
6578
161582
7436
2697
4868
3852
10661
54919
10555
6329
1798
57511
729920
7809
56623
5144
2706
494513
673
55036
27445
64072
9662
6440
83715
10682
53904
767
55906
283310
23562
388753
125336
7443
3248
58
3048
51168
345895
4646
4647
5269
259236
2147
81031
83700
3845
1294
10617
51761
10804
85478
55755
79042
57038
925
5913
2067
2218
57465
10329
57724
498
5605
83879
55835
11133
84942
124997
3673
4204
374462
93233
51360
8518
6785
9381
51364
148789
8701
5091
3479
22995
55130
64446
526
440193
9786
79600
2073
83544
5962
200894
9215
389207
2074
8516
51021
643226
26580
6567
1509
65062
124590
65217
1134
6674
9841
64699
4624
4359
4038
2353
79867
352909
107
286676
5824
3508
7273
84720
91647
161497
2324
5573
388389
27077
93210
5979
27315
340990
5828
2165
117531
3098
6103
92749
514
23141
8818
84892
55005
23556
8050
8504
10309
127833
9487
3800
4633
64221
5660
11340
3914
10381
5339
126326
4593
54768
10021
259266
11154
222662
857
79583
2059
3691
56683
80254
6439
9640
84197
1120
163786
6862
5604
10585
9409
25861
340533
3082
2622
2623
284086
284098
375611
7299
29954
25821
8777
29899
123872
375790
23431
83861
221421
57082
286262
27019
7007
7080
54806
7169
87178
5830
1188
54968
1021
1187
27031
5189
79633
80746
55650
3679
1103
2103
84189
284403
51807
6491
146183
3480
57165
3861
5426
3908
3909
63925
23229
23639
7170
60386
9750
5054
3735
10717
9759
7390
6341
493753
11078
55784
95681
10083
51091
5195
91147
201595
5190
5193
5192
54084
2705
7424
2033
9997
5468
1302
55172
79648
2707
84173
6331
253827
4312
1174
65250
6616
153562
200205
4254
8546
3918
8799
3708
1789
1355
11041
22827
3703
55624
57190
29925
89765
84879
64756
3070
1041
220074
56945
1282
51010
85476
1605
1911
8481
51660
54820
5194
55670
84466
2162
8642
1767
54903
51314
