215
1302
1303
50484
4536
1786
246213
132
23592
123606
4577
4578
3329
27445
11232
8867
4705
4704
3798
5580
6575
727897
4671
6323
547
10749
1674
51067
930
2010
55572
4338
4337
29851
2706
7443
10280
50964
11277
6442
117531
9420
9829
407053
9907
79977
22953
4643
4640
259232
4646
4647
6607
203859
427
6253
57038
291
5159
4093
4641
57465
57468
5155
987
113278
8328
9990
9711
6389
8526
4204
6908
7084
7369
9570
4729
4728
80208
4724
51196
4720
4723
4722
2799
6305
51204
2070
81624
440
64423
83636
23495
9255
8518
54463
10804
144165
4358
4627
773
4540
23259
9440
79751
166336
7276
123263
2273
1729
1380
57582
4541
23064
56616
8813
3094
4535
29926
3098
8722
10908
2778
4537
80704
6834
9533
8742
152137
7345
11340
10382
6606
6531
91942
10558
23533
975
4538
79581
135656
1428
7490
57679
4508
100131801
9197
6683
9132
2817
8106
2583
79133
1352
8086
1355
4567
8575
91574
374291
3075
3078
23230
55624
931
7007
23236
80169
5428
137682
2218
79934
3371
51062
2512
6495
56652
4361
9455
22909
9131
84839
10528
1890
1892
5459
80347
4695
4697
92667
4000
4001
1615
11128
9517
25923
1293
9897
10939
1690
55703
1292
9414
65125
1291
388551
2707
9997
5160
79784
8398
51816
23503
617
23218
4507
283989
71
118429
9213
55967
4790
4791
4287
1285
51601
1287
1286
154881
57704
51010
80324
11160
4719
7466
6335
9885
1476
1687
950
79152
81494
115650
4566
