5837
6261
5260
5255
37
6786
22954
859
5224
84876
2717
50484
114548
84627
23592
4574
4575
4578
60684
79147
1371
10585
1376
6329
3939
729920
3930
55624
1493
9663
4566
4564
1499
3339
149233
5260
22845
340061
11107
3032
203859
10616
55750
3030
5156
9499
3145
4558
4556
7132
6261
84876
23175
11280
58484
4210
3586
1776
4625
4541
4540
844
7148
6775
37
4512
29925
291
3593
3592
3595
4538
4535
859
7099
57104
7555
29954
246243
5657
11232
5428
2218
1180
5224
2027
720
56652
4572
6945
55072
4000
4513
3106
6786
4514
22954
324
1756
4598
51816
124093
1763
284119
9215
5837
2332
1281
3115
5255
91662
6335
6336
64127
4567
26191
