3717
10297
27286
149775
4784
5980
26277
283120
10743
6440
6794
7253
2317
2314
55109
2313
4137
54928
3845
1387
6390
9037
2903
2475
6391
4893
2776
5156
6389
9496
51816
7248
4968
2261
2077
9723
79663
3815
3954
3265
5122
1641
2272
79813
55636
7421
284058
2778
23129
9126
23483
5663
10382
57562
6927
257
2200
54790
7153
6439
2566
26137
1501
4352
6208
2623
729582
55869
84823
55784
9791
11236
389421
4830
4763
2736
201163
85358
6497
6496
79798
5290
64324
238
5885
6899
4613
7428
5728
4692
3239
57502
5925
25836
6909
8675
29072
81848
8929
65250
207
57531
4254
6638
5048
8243
7337
5832
84925
7469
7468
2009
