5173
6513
50484
84623
80821
4723
123606
10342
7381
6873
7385
83636
79147
9289
3798
22
7305
10891
6647
51308
1778
4709
6487
6249
10585
547
10749
283
10717
29978
388662
26278
55572
10522
54209
2705
113612
55703
10280
10528
120
9179
203228
79133
6392
8878
6390
5611
51
4137
6310
6311
410
6314
343641
6253
1013
6567
2066
2902
79882
2904
6653
11253
57192
3329
25894
6389
4204
2521
1859
27089
90624
4728
80208
80207
4724
4726
4720
4125
4722
9782
2395
8738
9215
4508
79042
55180
9150
10133
9524
4535
55149
617
144165
124512
91137
103
23259
9640
80224
1644
246243
56776
80746
51185
2571
1537
29110
51103
126129
23389
29926
29925
126328
10908
29920
23325
4537
54888
9197
5444
9533
84668
65055
5663
11128
5660
23400
5664
6925
79791
950
26090
11154
857
22978
8492
1639
4536
57679
790955
4744
221927
7415
55157
6683
6687
26580
2583
1284
29954
10159
84839
3178
23431
374291
23435
5654
84300
25793
29078
2898
2895
2896
84942
25978
7991
25915
9439
51062
8831
2512
91942
11160
1200
5446
5216
10369
83696
3736
23189
23636
6622
644096
23064
5354
4694
4001
3340
1615
5630
1610
118813
2036
9896
9897
10939
57165
9420
51324
81704
8398
55777
3475
7345
2643
23503
23111
81790
4519
283989
80704
8242
4729
22948
9217
4287
54862
4715
8086
91574
5832
57704
1282
400916
80153
4719
5445
51741
51091
57231
1476
351
200205
79152
9927
23025
54902
