3920
50484
55130
7385
80224
161582
4709
54919
84300
3939
23479
284119
51204
5428
79133
84334
5260
6392
345895
2997
8701
80324
6390
291
246243
6901
6389
93233
116228
7381
90624
4728
51364
5255
4724
4726
4720
4723
4722
64446
2027
55036
83544
6674
352909
22868
27019
1537
51103
388389
29925
55750
126328
54768
4537
10309
1340
56997
5230
4535
4536
56683
790955
5236
57104
100131801
123872
27089
2622
1352
83861
374291
11232
51067
7084
221421
5224
25915
28958
56652
91942
23639
5213
644096
6341
4519
4694
92667
4512
4513
6103
4514
55572
55172
29078
617
1763
4729
84987
89765
339829
4715
115948
85478
92749
400916
4719
8481
28976
51314
1767
54902
