4621
4604
7169
7140
7136
91179
4010
7138
3339
100151683
4621
91179
5000
990
4010
54808
23594
81620
4998
81620
5000
23594
990
4998
26229
2316
9469
54808
145258
10060
9469
3984
7140
2969
55733
5727
59341
9723
9031
23594
83932
4604
4222
5075
26229
4000
26608
1947
2138
9896
9569
81620
7136
10484
5000
3764
10265
54880
4621
100151683
51684
145258
392255
3339
8260
91179
7169
9939
7138
2316
860
4010
54808
9573
5982
55636
2006
990
63895
6910
7461
9401
8643
4998
538
5000
990
54808
23594
81620
4998
54880
5727
59341
9031
83932
9723
4000
26608
1947
2138
9569
5075
10265
2969
3984
51684
8260
5982
55636
2006
63895
7461
8643
9401
