9935
22930
5119
3977
25782
1300
8813
1303
9241
8626
2969
65055
22931
22930
9031
7979
10273
60681
83636
3236
3798
80208
4000
113278
26608
118813
120227
9896
547
3977
5982
1292
1293
65125
1291
4323
9935
23111
4313
142680
8945
5119
54463
8200
1594
7480
9569
10013
9289
9640
79581
6468
6253
128637
57704
25782
2316
5352
1184
1605
84942
6335
2006
1749
7421
3984
79152
7461
157570
120227
1594
1184
142680
7421
79581
118813
128637
9289
3798
57704
80208
113278
25782
84942
22931
22930
65055
547
79152
6253
10273
9640
23111
1300
1292
1293
1291
1303
83636
4313
5352
1303
2316
4323
1605
9896
8813
1292
1293
1291
60681
157570
