1789
90121
26608
1301
1302
1349
404672
84623
2719
2969
9361
8985
22930
8573
6654
4784
3651
1836
2036
5982
5626
7050
699
1778
546
547
324
2245
51067
64093
10743
3070
374654
3835
10522
4338
3767
4337
5144
6997
673
139411
6154
54499
4036
27077
4038
9702
6496
2260
22931
170302
6655
6016
2316
7737
7317
259232
54101
79848
81704
2068
415
81031
54928
3845
80776
10617
2317
80324
1013
2253
2314
6855
2902
144568
8036
5015
2904
4893
136647
8239
124583
5605
641339
4208
9990
4204
1859
84976
10978
116442
1718
1855
6664
5077
2664
28952
6309
2263
2071
2077
168667
4921
2200
80184
79867
4621
9841
6125
145173
9487
7592
83879
23096
51057
84720
1889
8831
5573
641
54539
3090
27315
23384
2677
5604
10907
9968
7546
8818
6833
89884
23556
79868
23322
9126
2290
60529
2619
8216
60
25782
2737
6605
60401
10225
6925
175
9321
6165
129563
27086
51025
347344
79583
93210
6597
9401
6204
6598
8820
7531
186
5781
23394
57545
65109
7552
8289
340533
6201
7291
23522
6469
64131
2629
6138
701
197131
2182
4774
5894
9569
10013
1280
4838
128637
5184
11141
27125
1028
55650
6197
26123
79813
2697
26040
84061
158866
1741
6218
2736
9343
9459
9719
2623
3636
158
284098
551
3630
57096
9184
10369
5885
1896
57492
5728
56975
2132
5063
24140
4000
91147
5727
10082
6223
9897
9031
5922
89910
1756
3977
6229
7474
4882
7476
8928
79001
8398
4094
10269
2645
92935
23545
3984
7102
4920
11043
28514
71
5048
22827
8243
3054
3052
2239
55869
5449
4157
51317
51259
6135
8481
25836
2006
63901
55777
6235
6234
7461
2535
6231
54903
50937
