4524
25974
5826
27249
875
4548
55788
3054
4552
131118
3155
5352
348932
5625
8659
4982
340024
8792
60681
54716
153201
55788
1491
25974
6569
1716
120227
6514
1962
1594
2109
2108
1497
2110
3034
10157
11136
6519
348932
5625
26873
8659
340024
54716
153201
229
3712
50484
64802
6121
4514
131118
60681
153201
7385
5824
5826
5828
5625
26276
2653
540
4982
84300
549
4338
3769
84987
1491
343035
1497
84947
7084
84334
6569
3034
56922
498
291
4524
120227
55526
11136
275
6901
54716
5495
4552
6519
116228
7381
90624
1716
80207
6514
5095
5096
132158
8802
8803
51204
1406
80184
5009
64756
10667
383
3155
23418
4758
846
22868
25974
11005
4548
7372
6505
34
1537
4952
435
514
167691
3614
8504
2592
1340
790955
4513
79823
6928
3054
55812
1738
8942
27249
1373
100131801
26275
2110
9409
3081
27089
2582
8659
1352
26873
1594
10560
55788
340024
9742
2184
2271
3172
10841
5428
91647
54968
1184
5189
2109
2108
28958
9657
7287
2731
1962
348932
57096
9227
6898
1890
9056
10157
6341
4519
5352
5195
145226
875
5190
5193
5192
4337
3000
5053
23746
617
8799
392255
9380
8792
4668
64087
5830
4512
9581
51095
5194
55670
63894
55750
54902
6569
1962
8802
383
9657
7287
343035
23746
80184
3769
64802
1406
57096
392255
6121
55812
9742
9227
3614
145226
23418
167691
3000
4337
4338
229
11136
9581
6519
79823
5495
11136
10157
6519
2731
3712
2653
348932
5625
56922
5095
5096
34
8659
275
64087
54716
153201
340024
91647
549
5428
84947
54968
80207
291
64756
6901
498
3155
131118
514
55750
11136
6519
340024
