5173
2617
1303
23209
6261
8622
80821
10342
5071
8988
83636
5582
5376
51308
1073
10585
547
339453
2010
80025
2911
1798
2705
8635
10280
1785
28982
9179
9987
6712
2318
343641
135138
2259
65018
1410
291
10049
199857
1120
55737
9499
274
8139
4204
8322
4041
80208
84876
26090
10717
367
120892
3748
100288687
4625
27429
1938
23095
23317
7273
2273
23064
2673
538
4359
23554
3752
60482
65055
2483
8291
220296
7345
6606
6607
26058
11154
2055
1981
1639
57679
57104
3315
79188
55157
2583
2629
390594
23431
7003
10568
25793
255928
1184
26353
203547
55149
90678
1778
79797
64419
8996
1200
2632
23345
4618
23347
59345
81545
6622
23224
4693
5354
57716
4000
7072
22954
9896
10939
1292
1293
65125
1291
85365
10159
5165
54463
2521
3708
11315
3300
26580
2335
57704
400916
6786
11160
6335
1763
55750
9927
