1141
55857
762
8626
4536
27286
6121
24148
24
338917
4149
7450
2324
4901
6094
1371
6326
57709
6324
6323
9681
10058
6329
51062
8481
5148
138050
2705
5145
7399
4330
5995
23568
6440
55714
4233
4519
6010
84140
6017
6392
6390
6391
3458
5307
9573
10594
25814
25953
26160
10984
1392
2903
5158
283120
63982
6598
55737
5155
23418
7979
6389
7015
346007
6513
6496
5961
51119
7439
1258
1259
1139
583
1137
1135
5582
4117
4541
4538
23317
64218
130557
7273
1641
7275
54949
4751
57582
1981
1406
5979
7424
112476
3614
9128
9129
5048
4514
8216
64220
6605
10210
4540
5949
7012
55812
1630
857
8945
4539
5903
4535
2563
79947
5546
2566
182
388939
6101
659
375298
6469
2629
1861
5551
7480
9742
4771
25794
2271
120892
11235
5950
389421
84100
4830
6295
1282
201163
203547
1749
55654
26121
92211
55145
7401
6495
2736
3420
7287
10002
889
10008
8074
51684
5649
59341
147912
238
55975
7153
9227
768206
4613
5888
145226
123016
50939
4512
6622
51004
6103
6102
2138
6100
3481
26058
4976
57165
8842
8929
4093
79797
773
57531
779
112755
2979
10461
392255
9211
4508
6468
1284
2332
2009
78987
157657
3785
1813
3110
6335
8910
477
23020
478
83605
8642
3786
9927
8642
