6569
1962
50484
763
4564
5095
4572
4574
1962
4576
4577
4578
7381
10102
4705
4704
80224
388962
4709
10667
25821
84300
23474
10059
23479
5096
4567
4566
137682
7084
388753
79133
84334
6569
5261
6392
6390
3030
3032
51601
498
84705
291
593
594
54704
10128
4558
4556
5495
6389
9997
6519
116228
27089
5256
4728
6261
4724
4726
4720
4723
4722
8802
8803
4967
51204
7385
124454
64756
80324
23417
50640
4358
4541
4540
22868
2271
123263
27010
1537
51103
55750
126328
514
55005
8050
6834
1340
60528
56997
4513
79823
51021
1738
4538
11019
27247
4535
4536
4537
790955
1737
100131801
57107
26235
1352
1355
9581
374291
229
5250
51520
51067
4729
5428
91647
54968
1629
84947
27235
25915
28958
152926
91942
6901
7284
57017
60386
119559
1890
644096
1892
6341
493753
4519
4695
4694
4697
4512
9054
57128
4514
55572
4575
5091
29078
57505
5160
5162
2542
779
617
55687
80704
90624
55967
4509
4508
1716
4715
84987
3028
4719
2538
51660
51095
200205
28976
54902
5160
617
4967
5160
55750
291
6901
6392
6390
6389
644096
