5076
8542
55112
79867
55764
4867
4594
675
2175
261734
1497
27077
57728
11020
79738
63929
10806
89891
9657
8526
79809
51196
79728
79600
55212
2176
2177
9786
54443
2072
2178
200894
585
582
583
64423
80184
65062
129880
4627
23090
26160
51057
26146
22909
55120
2188
79583
153241
57560
84662
6928
977
27241
8195
54585
7490
51134
284086
166379
29089
92482
2187
3075
9742
3078
2189
3172
51524
54806
84100
27031
79934
84464
27130
95681
79659
57545
5889
9056
123016
91147
79848
22954
3975
83990
56623
22897
57539
57697
3913
65250
112752
55215
7827
1285
1287
1286
2335
51259
1288
81494
54903
4582
