5172
1140
23203
1302
1145
767
53405
51473
10518
285489
51475
492
54084
1144
3850
6329
3859
7809
2707
2706
64072
4038
4233
283310
23562
494513
58
51168
4646
4647
5269
259236
51761
10804
5913
375790
57465
57190
124997
6900
374462
9381
6261
7436
83715
5962
389207
643226
65217
1134
2697
64699
117531
4625
2705
9640
7273
161497
126326
125336
222662
3211
2059
107
25861
3082
375611
29899
220074
286262
7007
53904
84942
2103
84189
151
146183
59341
9750
3735
11078
10083
163183
4593
87178
84173
253827
153562
1285
286676
340990
