56652
60386
23321
2902
50484
84623
55775
60481
55777
5605
59341
80821
10369
8139
10381
3295
6925
9990
10558
8192
3475
2036
347733
950
2904
4141
1778
50717
25923
710
3315
547
401
57165
5604
1476
65125
81704
1013
79628
9131
10522
3766
1859
55605
2259
23395
23503
54463
673
23533
144165
7276
11232
23438
22948
55157
5428
8086
91574
4668
7084
16
19
51062
26353
80347
23064
6335
9517
3845
3094
200205
84570
29926
9927
8831
10908
291
29926
8086
9131
80347
8139
56652
50484
8139
3295
10558
8192
3475
950
25923
57165
51062
9131
2259
23395
144165
11232
23438
5428
7084
9517
1476
3094
291
3766
25923
9517
3315
10558
51062
