170302
1140
212
23435
1144
1145
50484
8573
916
79848
27077
27286
1610
123606
4038
8988
9200
83636
150094
6576
7450
79188
1959
10891
5376
2664
7054
6487
9091
2155
939
6324
6323
23299
324
1675
283
23025
29978
2159
6329
51062
65080
55532
23345
1798
1759
729920
5950
675
113612
79600
5913
2296
6616
915
139411
6442
2619
3785
10682
6569
56997
6496
917
3892
5308
2009
200894
6792
58
8878
11141
2147
203859
10585
57697
10804
26160
1387
2253
2066
2067
6855
6591
375790
10324
57465
2904
6598
8239
1962
124583
113278
6709
9499
3679
8328
6647
4204
79809
2068
51360
84976
4286
84466
6663
1719
79728
5077
9782
6311
2176
2177
9786
2175
2073
2072
2178
51206
11284
427
2074
57190
10133
64220
3745
65062
1134
5277
4359
7084
2521
2903
23218
3315
7592
23096
79751
166336
10058
1641
25977
55120
89891
348980
55112
23064
6495
29110
8813
2261
29925
291
9968
51741
7546
284058
147912
2778
153241
8050
57560
23533
127833
5048
84668
65055
8216
4633
392255
5660
10382
57728
79867
641339
4593
2566
116442
3291
79659
1738
857
347344
6326
1639
2563
4747
203228
4744
57104
186
79581
2263
7415
65109
3852
55157
6683
5860
2623
79641
6469
11136
55215
64131
2775
3178
2187
6524
9742
4771
338917
2189
2188
3887
23236
4838
54806
7169
5428
16
1303
2218
3889
25978
6197
3508
1103
84061
84464
6697
1741
11232
5213
7283
56652
2736
2737
9459
7291
9573
3861
6812
138050
51684
5446
5216
59341
26353
919
7170
10472
119559
3736
81545
1890
5889
23224
6555
8643
95681
5063
24140
57716
4000
91147
51004
79868
5727
2138
1293
9896
1282
83990
56623
1292
1756
5800
54209
29954
8928
29089
6997
65250
51816
6519
285489
2643
617
55714
112755
147409
79147
7102
11043
28514
7050
118429
3702
3054
55624
7827
9217
9215
1284
91574
2182
400916
5630
1291
5445
5444
6334
6335
51660
55750
220136
5624
284111
50937
7552
54903
9927
