5264
5824
5830
5195
5828
5189
5191
5190
5193
5192
8799
5194
55670
9409
8504
3030
5264
5824
5830
8799
5195
5828
5189
5191
5190
5193
5192
5194
215
1376
55670
9409
8504
27034
55065
6584
1497
37
133686
55687
3155
1376
4556
34
3758
6557
3758
6557
3758
6557
27034
55065
6584
1497
37
133686
55687
3155
1376
4556
34
3030
6584
5824
5830
5195
5828
5189
5190
5193
5192
8799
5194
55670
9409
8504
1376
3758
6557
2110
2109
2108
6584
1376
133686
1376
3758
215
8504
37
4556
34
6557
5824
5195
5828
5191
5190
5193
5192
1376
2110
9409
6584
133686
8799
55687
3155
1497
5264
55065
5830
5189
3030
27034
2109
2108
5194
55670
55065
215
5824
5830
8799
5195
5828
5189
5190
5193
5192
5194
1376
55670
9409
8504
27034
6584
1497
37
133686
55687
3155
1376
4556
34
3758
6557
55065
5264
5824
5830
5195
5828
5189
5191
5190
5193
5192
8799
5194
55670
9409
8504
