6521
26154
338
126410
790
7051
23230
7504
2623
643418
348938
6309
80025
242
59344
4547
6006
6007
6005
2811
2040
2812
6521
64241
64240
2815
2623
2182
2995
6521
6708
2035
9949
23630
6710
6521
6708
286
6710
2038
348938
338
11093
84529
6708
59344
2038
64241
64240
23630
6006
6007
26154
146059
790
7051
2035
10878
643418
6309
6710
80025
286
2815
2623
2811
126410
2812
6521
2182
6005
3075
242
3078
23230
4547
2040
7372
2995
7504
9419
9949
81494
6708
6710
790
11093
10878
6309
3075
3078
81494
6708
9419
6309
790
6708
2035
2995
6710
