25974
5826
27249
4548
55788
4552
55788
1491
25974
4524
25974
5826
27249
875
4548
55788
3054
4552
27249
4552
25974
4548
55788
25974
11136
9581
6519
79823
5495
1497
4337
6821
132
10165
1497
6499
9652
11136
79823
5495
4552
6519
5826
27249
875
4143
6821
4337
1491
9581
55788
2184
3054
25974
4548
4524
191
27232
25974
5826
27249
4524
4548
55788
4552
25974
4548
27249
10165
5826
6499
4143
9652
132
191
27232
55788
2184
4552
191
10165
27232
6499
4143
9652
132
2184
6519
11136
9581
79823
1497
5495
4524
25974
5826
27249
875
4548
55788
3054
4552
