23554
79797
1301
4693
2065
4041
1298
1299
1462
1297
8322
3105
84892
4693
79147
1282
10329
1605
29954
2218
54880
55624
84197
220202
10585
11041
729920
9215
8260
148789
8322
23554
1349
79797
1301
10329
54880
8322
4693
79147
4041
148789
3105
5624
84197
5925
1298
1299
10585
1297
1462
729920
29954
84892
55624
3052
11041
8260
9215
7276
1280
1282
2218
1605
7439
726
54539
220202
80781
2065
1298
1299
1301
1297
2065
23554
4041
79797
4693
8322
23554
79797
4041
4693
8322
1462
7276
23554
4041
79797
4693
8322
23554
79797
4041
5624
4693
726
5925
7439
8322
