1301
1302
79633
2719
767
22930
23594
2121
7227
150094
6578
6326
2245
10743
3762
990
284111
5144
3248
81620
6023
6792
2314
51761
9037
2904
124583
6709
9719
124997
4204
22854
1855
7436
2260
11284
5000
3745
8200
5277
145173
79751
79753
25977
348980
5573
8813
51741
3759
54888
9126
2290
9244
25782
6928
2200
9401
1501
2623
23529
64131
147372
9091
55869
7486
8573
6487
23236
6905
26040
7403
132884
3636
6812
2775
5885
9759
4920
1298
1299
3975
1759
170302
7474
1297
6638
4692
8243
2239
8085
2332
1281
1280
3785
3549
6334
25836
3981
4998
