55612
1278
4312
3914
1281
667
3691
3861
1289
3909
3918
11285
3852
126792
3655
1290
1277
91252
1294
2778
55505
1161
667
5573
3861
65057
79798
8622
9101
6452
7148
126792
3655
1736
7012
2200
7015
7020
55135
4000
3691
5566
80169
9401
7048
26277
55315
51750
3852
368
117581
2072
2071
64840
11285
8626
1294
2074
1278
4312
3914
5073
5167
10269
55651
50940
3909
55869
9049
7046
1277
8450
5429
3918
1290
4088
1281
1643
5424
79650
1289
55612
2068
7507
91252
8642
7508
2067
91252
1290
1281
1289
1277
2200
2778
1281
5167
4088
50940
5566
5573
79798
8622
9101
55869
9049
7046
6452
368
8450
7148
8642
7048
