374654
1301
1302
84623
2719
2657
23363
22930
23592
23594
5745
7227
9775
54888
1836
8091
2036
6473
5980
699
1778
64327
152330
9939
546
547
55764
545
2245
64093
1947
8626
3762
1798
10522
727857
675
57697
673
1954
9820
2263
10682
9702
55906
2260
150468
57728
22931
5594
6016
2317
2314
1062
5307
81031
54928
3845
10752
1387
6655
59341
2902
144568
6654
2904
4893
124583
5605
1482
55835
11133
6909
10436
1859
22995
5922
26608
79728
1855
2176
2177
1399
2175
2072
2178
2261
7531
1013
1139
5000
9723
283120
8200
157680
23414
7021
7020
100151683
285590
81620
145173
6913
9487
2255
23314
137814
84126
55120
4297
51185
641
5982
3090
23384
10908
3759
23129
9126
9241
54880
23483
8216
25782
9031
10225
6925
2969
92002
5116
2563
182
652
5781
650
5604
3897
658
7291
54476
2626
2627
6469
63976
113246
64131
701
197131
29089
2187
9569
90
2189
2188
8260
3207
128637
6299
10847
10743
3209
83987
84464
140628
85358
2697
8831
157570
6497
2737
132884
6628
6492
139285
5295
5648
9184
23522
10369
5885
6899
5889
8514
9759
990
57492
51715
4920
2239
10084
3239
55636
10733
5925
9496
83990
89910
7474
81704
7476
57539
55777
207
112752
613
5728
55215
63895
5048
8243
2702
10370
2121
55869
91179
78989
4010
3549
8481
25836
2006
5932
4990
3984
5894
7461
3981
4998
2697
