112802
8626
147409
10161
121391
6144
200879
8546
5053
6023
79083
147495
7299
5144
197131
131669
26503
6635
7337
5573
4644
5873
157570
6591
4286
7306
4157
11234
6663
79803
57724
778
4948
89781
3257
84343
7299
51151
1910
8546
83938
84062
388552
6591
4286
5184
3815
6663
7486
7020
1908
1910
5077
54499
5873
79083
4644
6591
4286
5184
3815
6663
7486
54499
7020
1908
1910
5077
112802
6591
23203
57724
8626
65057
147409
10161
55505
121391
1908
6144
200879
5073
1736
83938
5077
5053
4692
7306
7020
55135
7015
6663
79803
80169
4948
3257
26277
51750
84343
51151
6023
6635
79083
147495
388552
8546
1910
7012
3815
7299
5144
1130
778
197131
6638
7486
131669
54499
1497
1717
26503
11234
7337
4286
4157
5184
89781
79650
5573
4644
472
5873
55651
28956
84062
538
157570
284058
7299
112802
7337
26503
5144
8626
5573
6023
10161
147409
197131
131669
121391
6144
200879
8546
6635
157570
147495
5053
