5159
3717
6391
1499
5395
1080
10167
136647
4072
4564
9209
3718
5290
5156
4578
4572
6535
4574
4514
4558
4540
10512
7132
10516
4210
5728
4538
5378
2130
4512
6663
7490
4902
223117
2984
657
7512
324
2153
2071
404672
7737
6905
2668
4598
1910
6224
3815
6804
30008
284119
6389
1493
4567
7040
1889
2184
4541
5657
2956
4575
7048
6794
91574
51164
6390
1908
6392
3115
27030
4535
4292
2068
5979
4436
3845
4513
50943
4854
26191
3145
91574
51164
1080
10167
6804
50943
284119
6535
7040
2184
2984
3145
91574
3145
2184
51164
1080
10167
6804
2984
7040
51164
1080
10167
6804
2984
7040
