23363
4784
10516
285362
5824
5982
5828
5980
84300
139411
89884
4683
5308
10195
2316
2317
2314
6654
10801
5913
79882
6597
6598
8239
79728
2109
2108
8738
2263
2260
2261
8514
57572
80184
9841
23090
9487
23096
55120
5573
1537
9419
23325
54888
9342
83879
3295
9321
285203
51025
3516
7552
55151
147372
29089
5184
5189
9184
9949
3636
5351
3340
5922
89910
1756
4882
1278
617
1277
8799
11043
8243
4668
1280
80153
284252
80781
2535
10060
5176
1302
50485
55180
2719
9361
22930
5745
7381
60681
5077
7385
55112
1836
9126
6473
5626
79868
7592
6249
9569
10743
3835
83990
3832
3930
1954
4036
4038
9702
7319
7252
3845
80326
4488
6655
6855
57539
701
5495
1717
4041
415
6662
1718
6664
285590
4256
347344
2271
51604
26229
57211
63901
23556
23129
8504
57560
152330
9244
79823
6928
60401
178
641339
175
129563
79583
790955
341640
182
186
2110
9409
2629
54567
9581
5894
1917
860
867
28952
2752
2697
84061
10491
55209
134701
4763
83696
23426
9759
51715
24140
5195
5194
5191
5190
1962
5192
9897
3975
207
2879
55670
7102
81794
3054
2239
3070
5449
5447
79158
5075
668
79633
8626
1301
699
80144
26276
546
64093
388662
387281
5063
5144
50964
9820
10683
2146
2799
411
10752
89891
8443
4125
9524
2664
128178
7021
7020
145173
6678
92935
4053
51185
8813
9968
56776
2290
60529
3756
25782
10225
55699
116442
9459
2200
8492
2563
10913
8289
9509
79644
23529
30008
51524
6487
2898
11141
145873
7991
6197
9439
26040
2736
2737
10000
5193
5296
10472
5290
64324
5885
5889
23630
5728
56975
4593
4591
7471
170302
7474
894
55215
4920
6905
673
5830
51259
11253
3984
168667
3981
54902
1789
2969
10082
285489
3040
3043
5479
5277
7050
5373
286
3764
121340
675
57697
2296
8216
3643
3039
6016
51
2778
144568
5015
4893
124583
5605
5604
4208
4204
6519
90624
26608
1855
57514
2176
2177
2175
2072
2178
65062
3955
3265
124512
23384
23389
7546
84667
117581
9031
6605
27245
8820
5781
65109
6909
27089
63976
64131
91179
55869
2182
2187
2189
2188
6888
27445
3373
1028
83987
84464
1741
6497
79791
79659
57545
9451
59341
23522
1896
57492
4921
4519
2138
9496
6023
4094
56172
54862
3423
3425
25836
2006
84168
63894
7461
4851
