2548
212
55857
762
4564
2969
5078
4574
24148
4578
3651
24
4901
9569
5148
3767
5145
7399
5995
4567
23568
367
3643
6094
6010
84140
6017
4572
1406
6638
10594
6121
346007
1259
4575
5158
4558
4556
26608
4125
5982
5961
7439
1258
157657
583
4117
5325
4541
4540
3159
23418
388939
130557
7275
4751
5573
641
640
10908
6833
3614
9128
9129
5116
123016
8462
5333
9031
6928
10210
6927
55812
2200
4538
4535
79947
5949
64218
6101
57061
375298
346171
26160
11330
9742
25794
3172
7840
138050
84100
6295
256297
26121
92211
6690
7401
79797
3420
7287
10002
9451
3630
84984
4760
55975
9227
768206
145226
4692
1056
50939
4512
4513
6103
6102
4514
6100
8842
208
2645
23020
2979
10461
26060
57709
472
8481
2006
3984
7461
3981
4566
11330
6690
