8915
987
6391
10535
5395
6224
4893
4089
4072
9209
8742
5157
5156
51684
11200
9184
4436
3659
4791
103
25788
3815
9702
9064
1630
975
7015
4163
5378
5580
7157
6389
699
23495
5727
7048
657
9401
2033
1019
5782
4595
1032
2263
931
930
25939
1316
324
207
581
79621
29851
999
4193
64135
701
84153
201163
11277
10395
5290
8313
1499
2956
4790
1030
6794
2261
843
4157
6392
1380
6390
27030
1029
4292
5795
3845
25913
2022
8915
2064
8643
115650
1495
2022
79621
4089
64135
657
11277
25939
324
84153
103
10535
5727
8643
51684
1316
843
9064
7157
999
4193
5290
11200
3845
3659
324
4595
2263
2064
1495
