2068
136647
2071
404672
7737
197131
4487
54499
9509
1281
29887
1186
55612
10312
1075
1289
7189
9896
10913
7421
2697
80326
128178
249
8600
3759
1161
29887
136647
8600
54880
54499
5745
1909
51715
249
1075
1186
9896
10913
2263
2071
2261
7737
2074
3762
9509
55612
10312
197131
1954
6774
128178
2072
8260
2255
404672
1281
2316
79813
1289
2068
7189
4487
7421
860
2697
80326
1513
2067
1161
860
1909
2263
2072
2255
2261
2074
1513
2067
3759
51715
29887
1186
79813
10312
54880
3762
1954
5745
8600
2316
8260
6774
1513
