5172
55180
767
55343
22930
5824
5828
526
6249
546
84153
388662
11277
9179
2898
7252
7253
6567
51
51761
79882
10535
1482
124997
4552
4204
9524
7436
8738
8803
80184
65062
131669
124512
23090
9640
79583
54539
23389
54820
1349
23325
54888
8504
56776
3756
25782
145173
6925
11154
8492
79944
57545
9409
1509
54862
23522
79644
64135
23431
7849
51524
6487
7084
5189
84942
7991
10717
9439
103
9342
51185
79791
4247
23229
83696
10479
4693
5195
5194
3340
5190
5193
5192
170302
5805
79621
2643
8799
8242
3052
7337
5830
51259
80153
11253
8481
25939
55670
1760
