29914
182
8671
80781
64127
3949
2053
4313
5832
338
4323
255738
91851
26119
11081
3949
2053
5832
338
255738
91851
11081
26119
1497
4166
29914
3850
3859
182
8671
80781
64127
7045
1301
50485
1497
55612
5476
10413
8504
285362
1545
5825
5824
6575
5982
5828
5980
699
8671
255738
10585
3850
9569
3859
9060
729920
2707
2706
3931
2703
55624
7045
1954
7042
9702
5308
5309
6399
2990
3845
411
412
10804
1413
1414
1415
2067
5159
3949
2218
10329
4323
5155
701
57192
6905
4313
83959
51360
148789
2301
26608
100506658
4125
91851
1409
6309
29914
2072
64840
6303
2074
8517
127534
8518
79147
4094
145173
11081
9487
4758
5080
2717
54539
4952
29925
84892
1349
23129
9734
335
117581
2296
9031
2969
1421
1420
2053
84197
182
9401
9409
29954
84572
2588
4771
5832
338
19
3984
5189
84942
2697
26040
2517
157570
427
1161
26610
5295
3909
9184
6898
4166
51715
5195
5194
5190
5193
5192
9896
79158
326
3977
162514
26119
2629
2720
4693
8799
54101
11041
9213
3052
9215
4668
5830
1282
4914
1605
3425
64127
2006
55670
7461
80781
7045
