55857
762
64802
6121
6101
24
4901
4867
5148
3769
5145
7399
3420
5995
23568
343035
6094
57728
6010
84140
6017
1406
10594
10806
6295
10210
5158
23418
9657
346007
5961
7439
1258
1259
583
80184
65062
4117
23090
26160
64218
130557
26146
7275
4751
167691
3614
9128
9129
3000
55812
79583
79947
5949
388939
375298
9742
25794
51524
138050
84100
27031
26121
92211
7401
51259
79797
57709
7287
10002
57545
57096
55975
9227
768206
145226
27130
123016
50939
6103
6102
24148
6100
8842
22897
23746
2979
10461
392255
261734
157657
8481
471
23020
