55857
762
2652
9364
64802
6121
6101
24
4901
1261
5148
3769
5145
7399
5995
23568
343035
6094
6010
84140
6017
57709
10594
26160
1259
10210
5158
9094
23418
9657
22999
80184
5961
7439
1258
282809
583
8754
4117
23093
346007
64218
130557
7275
4751
83394
1406
167691
3614
9128
9129
93589
3000
55812
79947
5949
388939
128338
375298
9742
25794
138050
5956
84100
6295
26121
92211
7401
79797
157657
7287
10002
57096
55975
768206
9227
84839
145226
123016
50939
6103
6102
24148
6100
8842
23746
778
2978
2979
10461
392255
3420
8481
23020
