215
57082
2969
27286
4574
4575
4578
4436
5582
5982
161742
4983
9569
10743
163786
1312
4567
9662
4564
3339
5594
2314
4572
9031
412
55755
2903
5395
55526
2776
55835
4558
22995
1717
84879
26608
7249
7248
51114
1399
421
8517
1139
9723
4541
4540
23314
25970
6638
4292
55636
4952
9968
23141
54888
9126
54499
6535
10020
259266
4538
4535
2566
65109
7290
2626
2812
79648
55869
7353
2245
1911
23230
2956
1021
4683
10847
54808
26040
284403
5116
6491
6492
4763
5885
6899
9759
5053
4693
4692
4512
4513
5727
4514
3973
25836
613
114798
63895
8243
80254
2332
1804
7068
10771
2006
3984
7461
3981
