3614
5015
7153
57096
6121
3000
9227
7287
4613
145226
55812
6786
84876
5191
64802
57531
30062
1406
8929
79628
23746
80184
3769
1644
389421
4359
9742
392255
343035
23418
220
338917
5264
59
6657
4830
9573
4990
238
646960
167691
9657
338917
389421
5015
6786
6657
7153
84876
1644
5191
9573
57531
30062
5264
238
4990
4830
4613
646960
8929
220
9657
7287
343035
23746
80184
3769
64802
1406
57096
392255
6121
55812
9742
9227
3614
145226
23418
167691
3000
9657
79628
7287
343035
23746
80184
3769
64802
1406
57096
392255
6121
55812
9742
9227
3614
145226
23418
167691
3000
389421
57531
4830
7153
238
4613
8929
59
4359
