22931
5449
128637
1161
7252
25782
5626
2736
3954
80816
22930
7469
7468
5015
79158
2072
89884
8820
2074
2067
374654
55505
79633
84623
8985
22930
6654
7227
5073
131118
79158
3483
146059
5626
699
1778
26277
546
547
545
50640
64093
388662
10522
675
5144
57697
80169
673
1062
9820
10682
9702
3643
89884
150468
23363
7252
6016
6657
6655
259232
2316
54928
3845
10752
1387
2067
2902
144568
79882
5015
2904
4893
701
84529
6905
55835
6909
1859
22995
9382
5922
55135
79728
7991
6664
51750
2176
2177
8738
2175
2072
2178
5130
51594
2074
55180
9723
9524
2767
3954
4621
7020
124512
23312
145173
56776
8289
846
84126
55120
8831
51185
5573
1723
641
55636
383
23389
23325
54888
9126
22931
152330
5034
65057
23483
54499
8216
60
25782
5116
6605
6925
7015
7012
9871
6249
6597
1736
6598
8820
5781
54862
23522
8085
147372
10733
55869
29089
2187
8573
1641
2189
2188
8260
6487
128637
2898
4173
2990
54808
1028
83987
55651
6628
9439
26040
84464
2693
157570
7403
2736
2737
79791
1161
4247
79650
5648
9184
10369
5885
83696
5889
57492
5728
2131
4000
5723
3340
3239
1013
2036
7468
9496
83990
81704
55215
80816
8492
71
5048
8243
5836
6521
5449
78989
80153
11253
7469
25836
5932
55777
63895
5894
2009
3981
146059
2131
79633
5144
5573
84529
7227
147372
3483
