5308
6591
4286
6663
2296
5077
5308
5295
2296
3954
7469
7468
6591
283120
5080
54888
1161
406960
57545
8626
5295
2969
2296
29089
79848
57096
79867
9031
7979
627
5889
5077
23322
2200
4693
4286
3954
6786
5982
6663
7490
26608
79728
80776
9896
84464
2176
2177
83990
2175
11281
2072
2178
64840
2074
129563
1123
3913
6468
2301
80184
675
57697
55215
2697
2187
55733
4036
27077
8945
2189
2188
5308
51057
7480
1282
55120
51259
26610
84942
79583
7469
7468
2006
1749
91147
3984
54903
7461
9569
3981
63901
2067
5308
627
2301
7490
5080
26610
2296
64840
63901
6591
54888
1161
406960
5295
2296
55733
5077
2200
4693
4286
6786
6663
2072
2074
3913
3954
4036
5308
1282
84942
7469
7468
3981
2067
