5172
1302
53405
51473
10518
4574
4575
51475
4578
163183
1834
407053
7809
2707
2706
79977
64072
4564
87178
4233
283310
23562
246213
494513
51168
4640
4641
51
4647
5269
259236
10804
57465
4646
4558
374462
4286
9381
22856
117155
525
83715
5962
2070
389207
81624
643226
65217
2697
64699
117531
4627
4541
4540
107
1729
161497
56616
50617
9414
4535
23126
125336
152137
6928
222662
4538
2059
1428
25861
3082
9132
375611
29899
286676
286262
7007
53904
3371
2103
84189
6495
4572
146183
9455
9750
3735
5459
11078
340990
4512
4513
126326
4514
10083
54084
3975
1690
388551
84173
253827
79784
153562
71
220074
22953
9885
1687
4567
7466
