285203
3229
57572
54567
3516
57514
121391
80326
3891
7879
4851
51360
3229
121391
2697
3891
6303
130340
55505
667
8626
3655
1832
5580
7051
26277
3854
51750
3852
3853
931
930
51062
126410
29851
2706
51371
79977
7319
2316
340061
10804
80326
1380
121391
57465
147409
7979
5073
7879
3675
51360
26154
55135
526
57514
6303
8517
57572
23495
975
242
22861
643418
10654
65057
8742
3868
6928
343637
5339
7015
7012
10558
977
285203
8945
3691
3516
1736
3892
3891
3872
54567
987
63910
3728
7480
26525
3887
19
3889
55651
1749
2697
348938
3861
79650
3909
59344
2224
80169
25923
3975
4597
162514
4598
1294
4312
3914
4094
3918
4790
4791
6468
3229
4914
9517
4851
115650
