3028
10087
84623
22931
22930
27445
3651
132158
80222
2036
1778
7054
6249
6323
547
84153
55180
10522
3767
57511
5277
11277
7443
10195
6792
259232
1013
57038
2902
79882
10535
57465
2904
57468
9091
6709
271
111
6326
440
4204
1859
4286
3028
6663
100506658
5095
5096
8738
11284
79042
3745
9524
9255
150094
124512
103
79751
1644
1641
25977
80746
6697
348980
51185
54539
29929
23389
51741
29920
6833
1349
23325
54888
6591
56776
84668
25782
11340
10382
10381
6531
6925
79791
51025
8492
340533
64135
2775
8573
10243
6487
23236
128637
2898
3785
388662
7991
9439
8831
57582
10000
5296
6812
5119
3630
10369
60386
83696
3340
1615
5925
1759
57165
170302
81704
5805
894
79621
2645
283989
80704
5048
3052
54862
166378
56945
55163
51010
85476
80153
11253
6334
51091
25939
55777
284111
2009
25839
