90121
79633
84623
6125
23594
3040
79147
2036
55788
1778
546
547
8626
10522
675
57697
55624
6154
6913
81620
3039
2902
2904
10329
9652
25885
25886
1859
51199
148789
79728
2176
2177
2175
2072
2178
2261
9469
1013
8514
5000
9723
5339
7020
100151683
145173
55120
26229
55636
29925
9968
2248
84892
117581
5116
2737
6925
6165
84197
51025
3691
2563
6204
6201
2263
10585
2623
63976
29954
2629
147372
29089
2187
2189
2188
6299
2218
84464
8831
6218
6495
6497
9343
7291
4089
139285
6499
147912
10369
5889
990
2138
6223
83990
729920
6229
81704
4094
55215
11041
6234
8241
9215
6138
1282
6231
1605
6135
284252
3199
55777
6235
51099
8642
4998
145173
117581
2248
9968
6913
