55505
23363
22930
5073
131118
6870
79147
2488
5980
79868
50846
389549
26277
10585
55717
4867
5063
23767
729920
84197
84634
55624
139411
9820
3339
6845
22931
11020
2798
79738
128674
129880
10806
2253
2516
6855
10329
8239
190
4204
9150
3814
148789
6662
6663
55135
2664
51750
26012
186
84733
92482
2260
4214
585
582
583
84515
80184
3952
23414
8450
26160
23096
51057
2796
55636
55630
9968
51741
26227
84892
23129
11041
9394
65057
7592
25782
641339
7015
7012
3054
27241
347344
8195
80067
7490
1584
1736
8822
8820
79184
65109
546
9215
2626
54756
29954
166379
55869
2182
1848
7552
128637
11141
84100
2218
83987
55651
84061
1741
2737
9459
79650
3730
123016
24140
10084
80169
22954
3973
1756
81848
170302
55212
7102
11043
60675
6736
8242
6866
54585
10371
2332
1282
6197
1605
116442
1761
54903
