5172
1302
246213
51473
10518
51475
163183
407053
7809
2707
2706
79977
64072
87178
4233
283310
23562
53405
494513
51168
4640
4641
4646
4647
5269
259236
10804
57465
374462
9381
83715
5962
2070
389207
81624
643226
65217
2697
64699
117531
4627
107
1729
161497
56616
126326
9414
125336
152137
222662
2059
1428
25861
3082
9132
375611
29899
286676
286262
7007
53904
3371
2103
84189
6495
146183
9455
9750
3735
5459
11078
22953
10083
54084
1690
388551
84173
253827
79784
153562
71
220074
340990
9885
1687
7466
