5727
8643
51684
1280
10060
5116
1300
60401
57465
6597
9241
4851
2719
283120
51684
3756
59341
25886
4000
5744
2121
7227
132884
1896
6926
57492
285203
4784
2239
93210
3239
526
6664
182
1186
26137
57514
1513
650
613
5727
6598
8289
7474
10617
658
9896
57539
79001
284098
3764
55764
1311
57572
112752
10269
54567
8200
4256
1855
4920
3516
1399
9419
8242
9487
5594
57728
84720
1280
9469
84295
2316
6197
3549
3209
415
55650
27315
7476
2677
26040
4853
8643
63901
6605
1280
57492
283120
1280
6597
6598
6664
6605
8289
1280
84295
