374654
3479
3040
3651
1836
5980
546
55764
2245
4867
3767
3480
673
27077
3039
57728
29123
11020
6016
2316
2317
6655
6654
2313
2146
79738
3845
129880
2255
2254
144568
4893
79867
22856
1855
55212
2263
2261
585
582
583
80184
8200
92482
10225
4692
51057
79583
9968
26227
6833
23129
23322
9241
54880
9244
8216
257
27241
8195
80776
5781
650
4089
658
23522
26160
23529
5894
8260
84100
26123
157570
29968
57545
5295
3630
57096
59341
64324
4920
91147
79848
22954
5922
5147
7474
57539
10262
65250
112752
2645
6638
123016
10806
54585
166379
51259
3549
8481
54903
2316
650
8200
658
3549
22856
2317
1836
2263
2255
2261
3549
8200
3549
8200
