6469
51715
79728
1954
55120
675
57697
2189
2175
55215
64327
29089
84464
2176
2177
83990
2072
2187
5889
2188
2178
6910
374654
90121
2737
124583
6125
64327
5889
6165
51715
79728
6204
6223
84464
2176
2177
83990
2175
2263
2178
2261
6201
2623
675
64131
57697
55215
29089
2187
2072
2189
2188
6469
6138
6229
6299
1954
55120
6135
6234
6235
6154
2255
6231
6218
6910
374654
90121
2737
124583
6125
6165
6204
6223
6201
2263
2261
2623
64131
6154
6138
6229
6299
6135
6235
6234
2255
6231
6218
6469
64327
1954
51715
6469
2737
374654
64131
124583
64327
374654
64131
2737
124583
1954
51715
