3614
343035
10165
6499
27249
57096
11136
6121
3000
9227
7287
145226
55812
6519
5826
4552
64802
4143
1406
10157
23746
80184
3769
133686
4548
55788
9742
2184
392255
23418
9652
25974
132
191
27232
1666
167691
9657
25974
5826
27249
4548
55788
4552
9657
7287
343035
23746
80184
3769
64802
1406
57096
392255
6121
55812
9742
9227
3614
145226
23418
167691
3000
27249
4552
25974
4548
11136
10157
6519
9657
7287
343035
23746
80184
3769
64802
1406
57096
392255
6121
55812
9742
9227
3614
145226
23418
167691
3000
1666
10157
133686
191
10165
27232
6499
4143
9652
132
2184
25974
4548
27249
10165
5826
6499
4143
9652
132
191
27232
55788
2184
4552
9657
7287
343035
23746
80184
3769
64802
1406
57096
392255
6121
55812
9742
9227
3614
145226
23418
167691
3000
11136
133686
10157
6519
1666
