57492
6597
6598
6664
6605
8289
6468
10262
64093
8945
7480
57572
8626
54567
285203
3516
57514
7979
7476
64840
4851
1749
10060
3764
2316
727857
3549
3209
4256
9241
7469
7468
8200
650
90
2697
2263
2260
2254
3954
658
57167
3549
8200
57492
6597
6598
6664
6605
8289
3549
8200
10060
6597
9241
8626
727857
3756
64327
7979
6605
57492
285203
4920
8945
9896
6664
6598
526
57514
57167
650
2263
2260
64840
658
1749
10262
3764
57572
54567
8200
4256
54101
7480
90
3954
9487
8289
6468
64093
6299
59341
2316
3516
3549
3209
22845
7469
7468
7476
2697
2254
4853
4851
3549
8200
3549
8200
57492
6597
6598
6664
6605
8289
57492
4920
6597
6598
727857
526
6664
3756
59341
9896
54101
6605
9241
4853
8289
10060
3764
2316
727857
7469
3209
4256
3549
9241
9896
7468
8200
650
90
2697
2263
2260
2254
3954
658
57167
57492
6597
6598
6664
6605
8289
6299
285203
57572
22845
727857
54567
3516
8200
9896
57514
4851
7476
9487
658
59341
526
3756
