81839
23322
57545
80199
80776
57096
55690
79867
79583
91147
3239
79848
9897
7473
2627
80184
2187
27077
2294
91179
51057
51259
28952
54903
81839
29968
23322
57545
80199
79848
57096
55690
79867
79583
4000
91147
3239
80776
4593
9897
7473
2627
80184
10269
285489
2187
57211
27077
2294
91179
51057
51259
28952
26227
54903
5913
29968
4000
10269
4593
26227
285489
57211
5913
81839
23322
57545
80199
80776
57096
55690
79867
79583
91147
3239
79848
9897
7473
2627
80184
2187
27077
2294
91179
51057
51259
28952
54903
