6399
1280
1311
2131
54808
55325
7227
1387
3549
54808
9496
57728
79809
153241
55112
79659
57560
9742
26160
89891
2200
1301
9719
55325
1298
1299
100151683
1297
2200
3835
5000
4148
50485
8985
9719
6399
23594
9742
100151683
26160
9469
81620
4998
990
1300
8838
2200
3835
5000
1280
1302
50485
990
8985
9719
6399
23594
9742
100151683
26160
9469
81620
4998
4148
126792
153241
5116
1300
1301
1302
3835
50485
55325
8985
9719
23594
7227
126792
176
9496
79659
79809
55112
1836
57560
2131
1298
1299
81620
51119
1297
2200
5000
990
1311
84572
100151683
9742
4148
57728
6399
1280
9469
54808
3549
5979
91252
8838
26160
1387
89891
4998
3835
1836
1280
84572
55325
1298
1299
91252
7227
176
1297
9496
1301
5979
5116
51119
