7249
7248
5159
23461
51004
6598
4771
5290
8216
5605
5333
4436
6389
4221
5728
1718
161742
7249
7248
4893
526
324
54757
5727
1030
1031
207
3815
3872
100144748
3265
51684
118429
1499
2956
5156
1027
1026
2316
6390
6391
4763
4292
3756
6392
3845
4854
6654
8643
4763
23461
1718
54757
7249
7248
526
6654
118429
3756
5727
8643
51684
4893
5290
5333
4436
4221
5728
7249
7248
1030
1031
207
3872
100144748
3265
2956
1027
1026
6392
6390
6391
4292
3845
4763
5728
207
6392
6390
6391
100144748
5290
324
5727
8643
51684
4763
1499
324
7249
7248
4771
6598
8216
51004
4771
6598
8216
51004
4771
51004
3815
6598
6390
6391
161742
5156
5605
4763
4771
8216
6389
4763
4893
5290
5333
4436
4221
5728
7249
7248
1030
1031
207
3872
100144748
3265
2956
1027
1026
6392
6390
6391
4292
3845
