128674
26608
374654
2969
2737
9031
6870
8822
4693
6342
5982
6663
7200
5727
389549
3953
8820
26012
54756
9569
2260
3730
65250
3814
23767
5147
84634
2798
1848
60675
6866
81848
10371
9394
6657
2796
51259
8481
55636
55717
2006
26123
3984
7461
2253
374654
2737
65250
6657
5147
51259
8481
26123
7200
55717
6870
8822
6663
2798
389549
8820
26012
54756
81848
3730
3814
23767
84634
1848
60675
6866
2260
10371
9394
2796
55636
128674
2253
374654
2737
65250
3953
5147
51259
8481
26123
6657
55717
6870
8822
6663
7200
55636
389549
8820
26012
54756
2260
3730
3814
23767
84634
1848
60675
6866
81848
10371
9394
2253
2798
128674
2796
6342
5727
