324
4089
1019
2737
374654
4893
79633
5290
8216
5605
6598
4763
51684
5745
7015
3418
129563
5728
6392
51004
5727
7249
7248
657
55109
5781
324
5310
1032
1030
2261
3858
25913
65250
207
5147
100144748
6794
673
7020
5894
79577
54345
4771
6391
26585
1027
4157
3417
6657
6390
51259
1029
8481
26123
147372
3848
80781
8643
7428
374654
2737
65250
6657
5147
51259
5310
7249
7248
8481
26123
374654
2737
65250
6657
5147
51259
8481
26123
5728
207
79633
55109
147372
7249
7248
3417
5745
54345
80781
3418
129563
1027
5310
7249
7248
7428
5728
207
7249
7248
4771
7428
7249
7248
5310
7249
7248
4089
657
26585
5728
207
6392
6390
6391
100144748
5290
3848
3858
1019
5728
2261
4157
4893
1029
5290
673
5894
5781
1032
1030
7015
25913
5727
8643
51684
5728
51004
207
6598
6390
6391
100144748
5290
7248
5605
6392
4763
7249
4771
3848
8216
3858
7428
5728
26585
207
6392
4089
6390
6391
100144748
6794
5290
5727
657
51684
8643
1027
5310
7249
7248
6598
51004
8216
5605
4763
4771
