79633
84623
79848
5077
79867
7050
79868
7592
546
547
10743
4867
3763
10522
5063
56623
6997
283489
5518
139411
27077
2314
2253
6855
2902
2904
8239
641339
5495
4204
1859
84976
2664
9786
79600
200894
1013
80184
65062
23090
9487
23096
84720
79813
27315
9968
63901
23322
2290
2619
1778
79823
6925
116442
129563
347344
79583
93210
186
65109
7552
340533
2182
9581
51524
1917
4838
54806
11141
55650
6197
81857
84061
8831
1741
95681
2736
6496
9459
57545
284098
10369
4920
24140
91147
5727
2036
1756
170302
81704
8928
65250
6519
7102
11043
28514
3054
6469
51259
7546
55777
8642
54903
50937
