1140
9200
1144
1303
50484
10290
2138
285489
4038
22954
11232
79147
4703
5824
347733
5828
5980
1145
2483
10585
401
1674
6329
3181
1798
729920
60482
7040
2673
55906
7084
58
7317
1186
203859
825
79731
5913
291
2218
1120
8600
10046
3679
274
8139
112
4556
9990
4041
6261
54928
8803
427
9723
100288687
1134
23483
4625
6576
79581
3508
7273
8898
35
2670
55636
9790
29925
23129
8504
8506
127833
9244
9531
4633
375790
10381
3211
4534
1639
4747
7415
9409
1785
8106
23529
84570
10312
56172
3178
113278
4771
9791
55624
7169
5428
59341
19
5189
84466
57190
1103
56203
2697
131377
6495
56652
64419
29887
139285
147912
4618
23347
7170
199857
5195
5194
5190
5193
5192
4593
57167
57165
1292
1293
1291
29954
85365
79628
51816
55605
54567
8799
55687
50964
9215
91574
5830
400916
92667
64127
55670
1763
1760
6616
7169
23129
7084
8506
19
5980
112
113278
50964
91574
7170
8803
9990
1760
7169
3679
58
4633
57190
7170
9200
