8192
56652
2332
29893
668
10734
2492
84634
3973
164045
23395
367
2516
23438
3295
9210
7555
367
84634
7555
26580
2778
1027
1026
857
6578
5573
9049
3248
5468
10555
2353
1030
1031
3643
4221
83550
2778
5618
9049
83550
1583
2778
56652
2492
668
50485
10734
1482
10555
3295
4221
8192
857
5618
80067
1583
5159
3973
79048
23395
367
1030
1031
7555
29893
2332
84634
9049
3248
7849
5468
9210
23438
3643
26580
7080
1027
1026
7253
6567
7068
5573
5172
164045
2353
2516
6578
83550
5159
5172
7253
80067
50485
6567
7068
1482
7849
79048
7080
