5176
1302
79633
8626
9361
22930
5744
7227
9775
149775
60681
5479
55112
1836
6473
64374
3762
1311
5144
3930
51684
2260
57728
2316
2317
1297
54928
26160
89891
2778
6595
124583
55733
25886
7979
126792
79809
22856
64175
64840
9469
8200
157680
100151683
145173
5573
649
3759
153241
57560
9241
25782
5116
9037
5139
10225
5130
2200
8945
1501
658
64131
7480
9742
90
860
54808
9719
3209
6197
91252
1749
26040
10491
2737
79659
9759
57492
4921
2132
2131
3239
5727
871
1298
1299
57167
8675
7471
6023
4882
1278
2879
1277
6468
1280
3549
90993
83452
8642
8643
2535
2316
100151683
3930
9241
860
3930
8200
3549
2316
2737
6473
79633
3930
5727
2316
100151683
51684
8642
8643
8200
5116
9241
64131
57167
124583
8200
3209
90
26040
658
2535
2200
9719
