5172
374654
55180
8573
57526
767
55343
22931
22930
8504
150094
79867
5824
5828
7436
51574
6326
6324
546
51185
84153
388662
9786
9378
3763
8738
284111
56623
57459
11277
9662
9179
27077
2554
6792
7252
7253
6567
51
50
79147
51761
55755
79882
10535
55084
10329
2775
6709
1482
4208
55835
124997
5495
4204
6519
22995
51199
84879
148789
22854
55650
80184
526
8802
79600
200894
11284
1139
9524
3745
65062
3954
84295
5277
131669
124512
103
9487
9640
10585
79751
84720
25977
79813
348980
79583
79944
27315
23389
79848
29925
51741
23141
84892
23325
54888
23322
56776
2290
3756
25782
79823
80254
23090
6925
79791
6595
259266
11154
6249
93210
2904
2566
84197
163786
57545
6323
9409
1509
54862
79641
284098
79644
29954
79648
64135
9091
23431
9581
7849
57082
1911
7846
51524
6487
23236
54806
128637
1021
2898
5189
84942
4867
7991
10717
9439
284403
26047
95681
9342
2737
6491
4247
6812
23229
83696
10479
57492
8481
5195
91147
3340
5190
5193
5192
1282
1759
729920
89910
170302
25939
65250
79621
2218
8799
8492
11041
8242
55624
9215
7337
4668
5830
3785
51259
1605
11253
6334
6335
7469
7468
54820
5194
55670
1760
80153
54903
