374654
10060
5176
84623
6654
4784
10516
3418
5479
85301
150094
79867
5626
79868
7592
5373
6326
4983
547
1376
8905
84061
64093
5591
3764
324
5063
284111
3481
56623
4882
673
139411
1756
27077
4038
64175
171023
6792
6016
2316
2317
6655
259232
57231
3845
6855
2902
144568
8036
5015
2904
4893
8239
9091
6709
6925
25886
10128
126792
8398
4204
3675
1859
4281
9915
60681
22854
51114
2664
2799
9786
79600
89884
200894
11285
11284
1013
285362
8514
3745
65062
4621
5277
285590
145173
9487
6678
23096
79751
2517
25977
6774
348980
26229
9791
23384
649
9968
51741
63901
3758
2290
2736
8216
641339
5605
116442
10020
51025
347344
2563
8820
27086
55315
186
5781
23394
65109
7552
55151
1778
5295
63976
30008
2775
728294
2182
5894
8573
5604
6487
23236
9652
54806
5184
11141
3785
1028
6197
1759
26040
254065
5813
8831
1741
10491
95681
6497
2737
10000
9459
5296
6812
6499
23522
10369
10472
10522
6557
3832
24140
91147
121340
79848
871
2036
5922
7471
170302
81704
1278
894
65250
1277
7102
11043
6905
3054
5449
5832
4157
5831
6334
471
2006
90993
55777
54903
