84623
57526
22931
22930
150094
5824
5828
699
1778
6326
6324
10585
547
84153
10522
284111
729920
8635
55624
11277
3785
2554
9702
6792
6567
51
50
63925
10617
1013
2902
2218
10535
2904
10329
9091
4204
1859
51199
148789
2775
11284
79042
3745
79147
103
79751
25977
80746
348980
8813
29925
51741
84892
8504
25782
6925
11019
2566
84197
6323
9409
29954
64135
701
8573
128637
5189
54808
2752
8831
158
6812
9184
10369
6335
5195
5194
5190
5193
5192
2036
9896
1759
170302
81704
3912
79621
80816
8799
283989
11041
9215
5830
1282
4915
1605
6334
51091
79158
25939
55777
55670
