959
84061
57724
841
5873
355
843
5580
356
4261
8625
3718
84818
8742
6899
1312
7456
975
64581
5580
5873
3123
1503
56244
57511
421
931
930
112744
29851
64170
7290
959
204
2812
23495
23765
7454
987
5994
7353
5993
4790
4791
843
841
7372
57724
6772
10758
356
355
55630
4860
84061
1380
115650
204
4261
84818
64581
8625
23765
57724
3718
6772
112744
10758
5994
5993
64170
8742
6899
975
5580
4791
1503
57511
421
4860
930
7290
1312
2812
23495
29851
987
7353
4790
931
7372
55630
1380
115650
7456
4261
84818
64581
843
5580
5994
8625
23765
5873
57724
3718
6772
112744
10758
356
355
7454
5993
64170
3123
56244
4860
1503
