90121
1301
1302
55858
55180
153241
23363
6664
4784
60681
5176
55112
1836
5626
699
8492
10585
10743
388662
3835
121340
729920
5144
50964
1954
6154
9820
7043
4036
4038
9702
64175
57728
6125
2261
7319
2316
2317
2314
6535
26160
89891
5159
79882
5015
6597
10329
124583
5605
10128
84942
79809
22858
148789
1855
4125
10484
8738
2263
89884
5479
2077
8514
9524
79147
124512
56776
1277
9487
6678
23314
8289
84720
79813
51185
5573
8815
27315
23389
29925
84892
23325
54888
57560
5034
60529
9343
6605
178
6165
9871
84197
3211
6249
93210
2563
8820
6204
6598
26137
652
6201
4089
546
55151
5831
2623
63976
29954
6138
701
2182
9742
6487
2898
860
2218
9184
2736
7991
9439
26040
9949
10491
6218
6497
6496
79791
79659
7291
1605
284098
79650
4763
83696
23630
9759
57492
51715
4920
4000
3340
55650
871
6223
3977
51651
7471
6229
7474
64131
1278
10262
4094
10269
2260
4256
23545
649
56975
11041
55624
83987
9215
54862
6469
5449
1280
1282
5447
11253
6135
90993
6235
6234
6231
80153
