2316
4041
2697
8878
6905
56172
4507
7227
9791
2316
139285
56172
3930
55315
7040
2697
26040
4854
9791
10682
10682
2697
139285
56172
6905
50964
7227
138050
4669
6448
4507
203859
29887
1186
8600
50964
4507
203859
7040
10312
760
1186
1718
5745
4041
2697
56172
2697
56172
1718
5176
760
2969
23592
5745
7227
60681
5479
1836
5982
8905
9569
28962
3930
673
6916
7040
10682
4038
3339
64175
6448
2316
8878
203859
83706
80326
2067
3664
8600
6905
7039
4040
4041
26608
1855
4487
2072
2260
128178
2074
8517
9723
9842
4054
5083
55636
10491
649
63901
9031
55315
189
10312
2629
56172
7486
138050
1186
860
2697
26040
1747
1513
1161
29887
139285
9451
1896
56975
950
9791
871
1758
7471
7474
1278
5167
1277
4507
8313
8792
50964
4669
4914
2006
90993
3984
7461
4854
8517
760
4041
29887
1186
8600
9842
83706
28962
10312
8792
1161
56172
9451
7227
2697
2072
2067
2074
4038
55315
50964
23592
1161
56172
9451
10682
55315
7227
2697
2072
2067
2074
1161
9451
7227
2072
2067
2074
29887
1186
8600
50964
2316
4507
203859
7040
26040
10312
760
55315
4041
10682
4041
138050
4669
6448
2697
56172
4041
2697
6905
56172
