5172
90121
8425
212
8629
1302
2652
9364
57449
51196
53405
51473
10518
51475
24
163183
11160
5376
1778
5621
6326
6324
1678
23111
407053
1261
7809
2707
2706
494513
9132
8029
6154
5961
87178
4233
283310
23562
246213
79977
22953
2554
93589
51168
4640
4641
4646
4647
5269
259236
2147
10804
25953
57465
23676
9094
55325
6452
3371
6900
54332
374462
9381
80208
6513
22999
83715
5962
2070
389207
81624
282809
643226
8754
100288687
65217
2697
64699
117531
4625
6125
4627
23093
81693
107
64218
7273
2273
1729
161497
83394
56616
57502
9414
4952
29926
1406
7490
6495
57679
2483
125336
152137
3000
6165
222662
2059
1428
2563
2562
859
2566
6204
6201
84059
79188
6323
25861
3082
2623
375611
6138
29899
286676
286262
7007
23345
53904
5956
4070
1180
2010
2103
84189
92211
6218
151
146183
128338
9455
5631
57096
23347
5459
9750
84839
3735
6135
23224
28982
11078
340990
4000
6103
126326
10083
54084
6223
1298
1299
1690
1756
8842
6229
388551
1297
84173
64072
253827
79784
23746
153562
2643
778
112755
2978
71
8086
220074
7508
157657
2235
1288
112476
8912
6335
9885
1687
6235
6234
6231
7466
9927
