1301
2652
9364
4308
345193
24
79868
7592
54507
1261
2916
5149
5146
139411
22926
4036
6011
6010
84146
5956
2065
6855
5158
57465
9094
8239
60506
9997
6785
2780
4043
22999
54714
2664
5961
2261
1406
282809
8754
4624
23093
92211
64218
23096
4053
83394
7102
9968
2779
93589
3000
440435
641339
116442
10021
2200
347344
186
65109
7552
128338
2182
6611
11141
6295
6197
84189
84061
285440
1741
9459
57010
57096
9187
84839
5063
24140
6103
1298
1299
4204
1756
8842
170302
1297
10265
23746
778
55214
2978
11043
81794
3054
157657
6331
80781
