5296
894
1387
10000
2737
2737
10000
5296
3756
64220
6899
1312
129563
2812
5950
526
421
7290
894
2627
10058
338917
7353
392255
93
55714
6469
78987
9573
5915
1387
526
3756
7290
338917
78987
1312
2812
6469
10058
55714
9573
6899
7353
64220
392255
421
5915
5950
2737
129563
7290
1312
2812
421
7353
6899
2627
7290
338917
78987
1312
2812
6469
10058
55714
9573
6899
7353
64220
392255
421
5915
93
5950
7290
338917
78987
1312
2812
6469
5296
5915
10058
894
55714
9573
6899
7353
64220
392255
421
10000
93
1387
5950
