55857
762
6121
6101
24
4901
6674
161582
57709
54919
5148
5145
7399
5995
23568
83544
6094
6010
84140
6017
345895
1406
8701
10594
346007
10210
5158
93233
51364
55130
64446
55036
5961
7439
1258
1259
583
4117
352909
23418
64218
130557
27019
7275
4751
92749
54768
56683
3614
10309
9128
9129
55812
79947
5949
388939
123872
2622
375298
26160
83861
9742
25794
138050
388389
221421
84100
6295
26121
92211
7401
79797
3420
7287
10002
23639
55975
9227
768206
145226
123016
50939
6103
6102
24148
6100
55172
8842
2979
10461
89765
339829
115948
85478
157657
8481
23020
1767
51314
