55857
762
2652
9364
6102
6121
6101
24
4901
1261
5148
5149
5146
3769
5145
7399
5995
22926
23568
343035
6094
6010
84140
6017
1406
10594
346007
1259
10210
5158
9094
9657
3149
8322
4041
22999
54714
5961
7439
1258
282809
583
8754
4117
103
23093
23418
388939
130557
7275
4751
83394
220202
80184
167691
23554
3614
9128
9129
93589
3000
55812
79947
5949
64218
128338
375298
26160
9742
25794
138050
5956
84100
6295
90167
26121
92211
7401
79797
3420
7287
10002
57096
55975
768206
9227
84839
23636
145226
4693
123016
50939
6103
64802
24148
6100
8842
23746
778
2978
2979
10461
392255
4508
2780
157657
57709
8481
23020
23554
79797
4041
5149
5146
1261
6103
4693
54714
22926
2780
8322
