4001
4001
2717
55737
238
6530
1910
6925
4613
6622
1908
857
4287
11152
6663
7153
5621
1585
26058
3977
11280
8929
57531
2629
8086
8518
493856
3074
1889
221927
120892
23317
1621
389421
7276
4830
4914
1981
6335
6336
4001
29926
7466
538
6530
389421
57531
4830
7153
238
4613
8929
1621
857
7276
1981
4001
4914
2629
8086
8518
1585
26058
3074
55737
29926
120892
6622
23317
538
4001
7276
2717
55737
6925
6622
493856
4287
11152
4001
5621
26058
3977
11280
2629
1889
221927
120892
23317
8086
7276
4914
1981
6335
6336
29926
7466
1910
1908
6663
4914
