6497
4594
63976
6567
5191
8514
728294
9939
652
85358
51733
95
2563
3418
171023
1349
6497
2639
10535
57465
57582
6812
9091
150094
8573
6535
221927
6873
132158
6334
5277
6785
27245
51091
10978
55906
2563
284111
5191
79042
63976
6326
9939
10617
652
3418
1759
2073
6323
51733
170302
10743
11284
4204
2074
171023
8514
440
57468
4594
1719
79621
3745
64135
2775
728294
5518
11277
7355
283989
22854
6576
25977
95
55768
2290
23236
79751
9915
6792
56945
84153
80746
85476
6567
3785
3052
2068
54539
26235
63925
25939
85358
51124
348980
103
5813
51741
2067
