8192
56652
2332
29893
668
10734
2492
84634
3973
164045
23395
367
2516
23438
3295
9210
7555
190
55717
6870
8822
6663
2798
389549
8820
26012
54756
81848
3730
3814
23767
84634
1848
60675
6866
2260
10371
9394
2796
55636
128674
2253
55717
6870
8822
6663
2798
389549
8820
26012
54756
81848
3730
3814
23767
84634
1848
60675
6866
2260
10371
9394
2796
55636
128674
2253
367
84634
7555
55717
6870
8822
6663
2798
389549
8820
26012
54756
81848
3730
3814
23767
84634
1848
60675
6866
2260
10371
9394
2796
55636
128674
2253
55717
6870
8822
6663
55636
389549
8820
26012
54756
367
2260
3730
3814
23767
84634
1848
60675
6866
81848
10371
9394
2253
2798
128674
2796
55717
6870
8822
6663
2798
389549
8820
26012
54756
81848
3730
3814
23767
84634
1848
60675
6866
2260
10371
9394
2796
55636
128674
2253
55717
190
6870
389549
6663
55636
8822
8820
26012
54756
2260
3730
3814
23767
84634
1848
60675
6866
81848
10371
9394
2253
2798
128674
2796
56652
668
10734
55717
190
3295
9210
3730
8192
8822
6663
2798
389549
8820
3973
26012
54756
23395
367
2260
6870
7555
29893
3814
23767
84634
1848
60675
6866
23438
81848
10371
2332
9394
2796
2492
55636
128674
164045
2516
2253
367
84634
