4000
5506
5468
4000
857
3763
10269
4000
10269
84823
857
6497
1161
136647
10555
5506
2200
857
100151683
4000
3643
2072
2071
404672
7737
2074
3763
10269
84823
54345
5468
8260
26580
2068
5696
2353
2067
136647
2068
2072
2071
404672
7737
84823
84823
2200
100151683
6497
8260
26580
2200
6497
857
1161
5468
10555
100151683
54345
2072
10269
2353
2074
8260
2067
10269
3643
10269
3763
1161
4000
136647
2068
857
5696
5468
2072
5506
84823
2071
404672
7737
2074
2067
26580
2353
10555
857
5468
4000
5506
10269
84823
5468
1161
10269
84823
2072
2067
2074
