4149
54949
23095
6390
6391
5573
5979
6392
4763
55654
2271
6389
7428
4763
4149
54949
6390
6391
6392
5979
55654
2271
6389
4771
1027
1026
4149
55654
54949
23095
6390
6391
5573
5979
282551
4763
2271
324
6392
1030
1031
6389
4221
7428
627
6598
8216
5605
4763
238
1908
3735
6389
4613
4149
51004
7153
161742
4221
429
324
1030
1031
8929
3815
57531
282551
389421
3265
4771
5156
23095
1027
1026
2271
54949
4830
6390
6391
5573
6392
5979
2668
55654
7428
4149
54949
6390
6391
6392
5979
55654
2271
6389
6598
8216
51004
4771
6598
51004
8216
3265
4771
3735
6598
51004
5573
8216
3265
4771
3735
1027
1026
282551
1030
1031
4221
1027
1026
282551
1030
1031
4221
6598
8216
51004
4771
389421
627
57531
4830
7153
429
5979
238
2668
1908
4613
8929
1027
1026
282551
1030
1031
4221
1027
1026
6392
324
1030
1031
4221
1031
1027
1026
1030
4221
4763
4149
54949
6390
6391
6392
5979
55654
2271
6389
324
4149
54949
6390
6391
6392
5979
55654
2271
6389
7428
4763
389421
627
57531
4830
7153
429
5979
238
2668
1908
4613
8929
4763
4149
54949
6390
6391
6392
5979
55654
2271
6389
6392
4149
54949
6390
6391
6392
5979
55654
2271
6389
4771
4771
4149
54949
6390
6391
6392
5979
55654
2271
6389
51004
3815
6598
6390
6391
161742
5156
5605
4763
4771
8216
6389
4149
54949
6390
6391
6392
5979
55654
2271
6389
6598
8216
51004
4771
4149
54949
6390
6391
6392
5979
55654
2271
6389
4149
54949
6390
6391
6392
5979
55654
2271
6389
