6794
3815
10297
4254
3110
64324
29072
26040
81848
2261
26040
64324
3110
10297
29072
4214
283120
2626
50846
6662
10984
7490
5080
1028
105259599
190
23414
64324
6736
84733
627
2516
1761
51741
6845
7490
283120
283120
627
10297
190
105259599
64324
5071
6662
7490
50846
29072
84733
81848
2261
4214
2626
207
3815
999
4254
23414
5290
6736
1499
6845
6794
10984
5080
1028
3110
26040
2516
1761
51741
4214
283120
5071
2626
207
6662
7490
999
190
5290
23414
50846
6736
84733
1499
2516
1761
51741
6845
4214
5071
2626
207
6662
7490
999
190
5290
23414
50846
6736
84733
1499
2516
1761
51741
6845
