3239
3977
63895
10216
1146
1301
1302
1303
79633
2719
1308
10216
23594
285489
23443
5077
9839
1836
1144
347733
1947
546
401
114548
2245
64093
9935
990
55612
23483
7046
10683
7048
171023
2261
5594
26123
2316
7317
54968
2068
2146
54928
5696
6567
5913
2067
59341
7227
124583
9719
10436
51360
84466
1855
51114
1399
10269
2073
2263
81620
64840
9469
2074
8517
8514
5000
9150
8200
1134
4621
285590
3955
145873
7140
1723
4952
9968
84667
9241
117581
54880
9244
10381
6926
2200
2201
3691
2563
65109
3897
3508
23522
63976
84570
64131
147372
4604
8260
7169
10847
860
5189
84942
4593
91252
8838
2697
26040
7136
6497
134701
3909
64327
64324
57492
4920
4000
3239
5190
23529
3977
1292
1293
1291
7474
3914
55605
613
3918
72
118429
8242
2239
6469
91179
64127
63895
4998
64093
1146
