374654
59067
2737
6299
3586
3587
3588
8626
8195
10653
3110
197131
9401
57167
158326
9361
197131
374654
8626
105259599
9361
4222
80144
158326
2245
57167
1312
675
57697
2296
2072
10683
5308
9573
92002
81839
80199
1028
59067
79728
84464
2176
2177
2175
421
2263
2178
8516
3586
3587
3588
1131
3955
145173
55120
10984
5979
4952
84667
117581
9533
283120
10653
2294
10225
6926
8195
341640
9401
7290
2812
197131
29089
7353
2187
2189
2188
26281
4683
6299
64324
145873
28952
51339
26123
7403
2737
134701
6949
6899
5889
23426
10084
3239
9897
51082
83990
7473
7476
55215
8312
392255
8085
5447
3110
2245
6299
158326
59067
2737
374654
6299
3586
3587
3588
8626
8195
10653
3110
197131
9401
57167
2245
9361
8085
7403
2245
9401
7403
6299
8085
374654
59067
2737
6299
3586
3587
3588
8626
8195
5447
10653
3110
197131
9401
57167
158326
9361
5447
8195
197131
5447
8195
