2731
2653
5095
5096
326625
275
4594
166785
132158
84693
25974
5826
27249
166785
2984
4548
326625
8029
55788
4594
8803
3054
2694
4552
81693
29968
2731
3712
2653
348932
22943
275
4552
4952
153201
2052
4041
5826
27249
5625
84693
5095
5096
2984
8659
25974
132158
4594
8803
1757
7471
570
54716
4548
326625
8029
55788
340024
166785
7276
3054
81693
53630
55065
7274
89780
56922
34
9414
64087
2694
53630
2984
55065
132158
7471
89780
4041
22943
8029
2694
81693
25974
5826
27249
4548
55788
4552
1757
7274
4952
7274
4952
89780
7471
4041
22943
29968
2731
3712
2653
348932
5625
56922
5095
5096
34
8659
1757
326625
275
4594
166785
64087
132158
54716
153201
340024
29968
2731
3712
2653
348932
5625
56922
5095
5096
34
8659
1757
326625
275
4594
166785
64087
132158
54716
153201
340024
1757
29968
29968
29968
25974
5826
27249
326625
55788
166785
84693
25974
5826
27249
166785
326625
55788
4594
8803
3054
7276
570
2052
9414
84693
7276
5826
27249
166785
2984
4548
326625
8029
55788
4594
8803
55065
25974
3054
2694
4552
81693
2731
3712
2653
348932
5625
56922
5095
5096
34
8659
275
64087
54716
153201
340024
570
2052
9414
53630
