4914
4803
4358
4914
4803
22948
55505
2303
8626
1308
112744
3417
5745
3655
3043
3418
7456
7454
695
5627
3123
1075
8710
26277
4869
3852
547
3858
51062
387281
3832
55612
23765
2706
3930
1490
11277
51684
29760
10758
10804
3848
147138
5159
1235
5155
2776
5073
51360
4803
55135
5317
51750
974
362
64170
8517
3663
1130
857
4358
1277
9487
23545
6774
6772
3507
1536
1535
9790
55630
4952
3593
1493
5624
6929
1832
7015
7012
10558
84818
64581
973
3691
1736
9401
653361
8643
7297
54567
567
7486
3728
5657
9101
1991
6891
5184
27032
79932
4688
4689
55651
3115
3861
5295
79650
3909
2632
11322
6890
6892
9051
4615
6945
3106
80169
5727
25923
162514
65125
81704
1294
4312
3914
204
54463
3918
9049
118429
22948
4854
1281
3543
4914
57152
56262
6335
9517
64127
25939
686
4853
26191
6335
65125
547
54463
